Start,Steps,Max Value,Even Steps,Odd Steps
15796,40,15796,30,10
861,103,9232,67,36
76821,125,230464,83,42
54887,122,1502224,81,41
6266,124,9400,81,43
82387,169,634228,110,59
37195,186,190996,120,66
87499,89,393748,61,28
44132,101,59668,68,33
60264,91,60264,62,29
16024,146,21688,95,51
41091,150,184912,98,52
67222,68,151252,48,20
64821,161,194464,105,56
770,33,1156,24,9
59736,73,59736,51,22
62956,55,79684,40,15
64926,192,1404052,124,68
67970,86,101956,59,27
5312,116,9232,76,40
83105,76,599056,53,23
53708,140,60424,92,48
85306,58,127960,42,16
28694,77,64564,53,24
71933,143,409696,94,49
93017,177,313936,115,62
25659,77,129904,53,24
84479,226,12331096,145,81
18432,30,18432,24,6
2748,40,6964,29,11
59151,60,598912,43,17
65726,223,499120,143,80
84655,133,857140,88,45
35774,155,619648,101,54
67436,60,128032,43,17
56887,104,2335444,70,34
66804,117,66804,78,39
31552,54,31552,39,15
11395,68,51280,47,21
69093,112,560356,75,37
3891,38,17512,28,10
41607,150,280852,98,52
96277,190,288832,123,67
80039,120,1538512,80,40
87314,71,372976,50,21
10628,55,10628,39,16
8793,127,42280,83,44
73970,187,355480,121,66
43002,101,275560,68,33
76553,169,551824,110,59
23898,51,35848,37,14
68149,130,204448,86,44
23484,82,150496,56,26
48556,52,54628,38,14
17160,79,17160,54,25
80078,68,1154464,48,20
35921,93,107764,63,30
92068,71,196648,50,21
67122,112,143368,75,37
69480,55,69480,40,15
89476,270,497176,172,98
19458,167,29188,108,59
66558,91,2558788,62,29
77190,213,225988,137,76
78954,138,118432,91,47
52996,78,52996,54,24
40758,75,232144,52,23
9693,73,39364,50,23
45759,238,1319380,152,86
72410,94,108616,64,30
71212,73,80116,51,22
65698,161,98548,105,56
37066,111,55600,74,37
92094,115,699352,77,38
99300,97,99300,66,31
32607,160,495232,104,56
11535,55,116800,39,16
94664,102,94664,69,33
40398,49,258856,36,13
91388,58,520504,42,16
1017,155,9232,99,56
89790,102,681856,69,33
55592,109,55592,73,36
89813,133,269440,88,45
23248,51,23248,37,14
24301,64,72904,45,19
74066,187,1801924,121,66
82799,138,943144,91,47
9269,34,27808,26,8
86808,164,86808,107,57
12186,37,18280,28,9
63705,148,215008,97,51
86780,76,494260,53,23
39100,155,634228,101,54
8572,171,32560,110,61
38045,54,114136,39,15
51215,171,518560,111,60
61229,86,183688,59,27
48985,65,165328,46,19
40775,88,348352,60,28
2569,53,13012,37,16
62593,161,542104,105,56
67564,161,96208,105,56
2696,115,9232,75,40
48191,233,1097872,149,84
5259,103,23668,68,35
87539,102,393928,69,33
39505,62,427192,44,18
33160,41,33160,31,10
13987,107,62944,71,36
61859,210,278368,135,75
12667,55,64132,39,16
38661,75,115984,52,23
3562,74,9232,50,24
26855,95,305908,64,31
64506,99,275560,67,32
52252,140,88180,92,48
22663,87,152980,59,28
8393,127,42496,83,44
30536,85,30536,58,27
78604,50,88432,37,13
52257,140,156772,92,48
89136,71,89136,50,21
35223,49,237760,36,13
77374,76,587572,53,23
79576,138,79576,91,47
96355,53,433600,39,14
84652,107,95236,72,35
63336,148,63336,97,51
10966,117,24676,77,40
24539,157,398032,102,55
70593,143,211780,94,49
98019,66,441088,47,19
8111,65,82132,45,20
79310,125,1715092,83,42
27267,64,122704,45,19
52993,47,158980,35,12
82949,89,248848,61,28
98807,159,1424464,104,55
6911,150,1276936,97,53
90983,146,3934960,96,50
207,88,9232,57,31
87055,71,881440,50,21
87898,102,131848,69,33
23420,175,88936,113,62
50637,158,151912,103,55
50016,158,50016,103,55
54269,184,695464,119,65
87940,164,125224,107,57
18142,92,103336,62,30
80357,120,241072,80,40
71911,174,1660660,113,61
56045,153,168136,100,53
67215,161,680560,105,56
33828,59,42820,42,17
55821,34,167464,27,7
62624,55,62624,40,15
81735,151,698272,99,52
75451,107,381976,72,35
93427,208,420424,134,74
22300,69,37636,48,21
43586,57,65380,41,16
64045,47,192136,35,12
42558,62,323188,44,18
49081,114,165652,76,38
2694,66,6064,45,21
95004,221,160324,142,79
95260,102,228904,69,33
69164,99,599056,67,32
25940,33,25940,26,7
48926,158,247696,103,55
42942,88,326104,60,28
21835,69,118096,48,21
18048,22,18048,19,3
26106,77,74356,53,24
75767,94,511432,64,30
15708,84,26512,57,27
21977,69,74176,48,21
44263,132,504196,87,45
23777,56,304720,40,16
30081,90,90244,61,29
66843,174,21953104,113,61
61374,73,466072,51,22
6777,88,38608,59,29
92788,208,190996,134,74
55017,91,417796,62,29
9475,60,42640,42,18
58054,73,130624,51,22
21960,43,21960,32,11
5531,41,63016,30,11
94857,76,810376,53,23
3749,175,250504,112,63
97505,146,1249504,96,50
98099,115,441448,77,38
13546,37,20320,28,9
66200,99,66200,67,32
34767,54,352024,39,15
73531,63,372256,45,18
93558,84,236824,58,26
61088,42,61088,32,10
95840,53,95840,39,14
68841,81,522772,56,25
54385,65,163156,46,19
51006,202,1276936,130,72
46577,145,139732,95,50
39354,106,95956,71,35
62004,55,62004,40,15
83212,151,93616,99,52
52734,101,1520512,68,33
65319,192,496024,124,68
89475,71,402640,50,21
23665,25,70996,21,4
67173,68,201520,48,20
85617,50,256852,37,13
93265,115,279796,77,38
26737,139,80212,91,48
94210,58,141316,42,16
855,54,5776,37,17
90085,164,270256,107,57
38624,75,38624,52,23
7393,57,94768,40,17
55681,91,167044,62,29
46718,83,532168,57,26
87093,71,261280,50,21
50860,57,91672,41,16
26310,139,59200,91,48
87456,45,87456,34,11
63735,55,430216,40,15
70468,81,70468,56,25
52663,171,355480,111,60
98507,97,443284,66,31
12689,81,38068,55,26
25343,201,2633632,129,72
37158,93,83608,63,30
67864,112,67864,75,37
52084,78,52084,54,24
65734,161,147904,105,56
89046,146,1083184,96,50
34699,160,156148,104,56
80624,138,80624,91,47
22672,82,22672,56,26
25185,64,95632,45,19
93385,84,472768,58,26
42108,88,159892,60,28
86203,151,436408,99,52
51664,78,51664,54,24
15709,84,47128,57,27
91907,84,413584,58,26
49812,96,95956,65,31
2812,172,250504,110,62
56251,83,284776,57,26
72083,42,324376,32,10
34755,160,634228,104,56
95743,159,7361440,104,55
11412,29,11412,23,6
2912,97,9232,64,33
67271,68,454084,48,20
83764,89,83764,61,28
8681,78,74176,53,25
84897,151,254692,99,52
83880,151,83880,99,52
71296,50,71296,37,13
88615,195,672928,126,69
11112,130,11112,85,45
37505,85,160216,58,27
1803,42,8116,30,12
8156,65,13768,45,20
73657,125,248596,83,42
39385,75,132928,52,23
47255,145,318976,95,50
21919,193,5399296,124,69
85982,102,734560,69,33
60714,73,91072,51,22
30307,85,136384,58,27
16647,203,250504,130,73
46844,83,675376,57,26
96602,45,144904,34,11
90736,84,90736,58,26
16372,66,118096,46,20
77372,76,195856,53,23
2050,37,3076,27,10
31617,178,384640,115,63
20933,30,62800,24,6
29856,90,29856,61,29
61435,179,393640,116,63
72695,68,490696,48,20
43017,101,217780,68,33
7401,70,56212,48,22
42643,57,191896,41,16
15152,40,15152,30,10
51408,26,51408,22,4
66691,161,300112,105,56
4500,46,4500,33,13
6296,62,6296,43,19
59041,166,177124,108,58
12184,37,12184,28,9
29300,72,29300,50,22
12875,76,57940,52,24
32712,67,32712,47,20
5540,67,10528,46,21
53352,34,53352,27,7
61268,60,61268,43,17
48355,70,217600,49,21
2558,133,65608,86,47
38361,168,129472,109,59
82019,63,369088,45,18
2201,138,9232,89,49
68498,68,173392,48,20
46976,52,46976,38,14
21358,48,72088,35,13
77506,125,165544,83,42
2870,79,39364,53,26
61136,34,61136,27,7
50109,233,481624,149,84
94180,133,305908,88,45
90273,208,742120,134,74
38468,49,38468,36,13
23329,82,69988,56,26
91413,177,274240,115,62
86832,164,86832,107,57
3988,51,3988,36,15
58872,148,453256,97,51
22400,87,22400,59,28
46215,176,311956,114,62
99523,128,447856,85,43
86417,71,259252,50,21
70272,99,70272,67,32
44065,70,132196,49,21
70092,68,94768,48,20
40819,88,183688,60,28
45526,207,129652,133,74
19831,48,133864,35,13
17430,141,39220,92,49
6894,57,23272,40,17
79910,169,179800,110,59
47334,101,106504,68,33
3437,149,10312,96,53
74291,68,334312,48,20
76214,200,289384,129,71
5896,142,9232,92,50
19739,211,505924,135,76
30747,134,525364,88,46
49378,39,74068,30,9
48405,70,145216,49,21
54046,78,273616,54,24
97889,128,371680,85,43
39791,119,453256,79,40
5601,67,31912,46,21
94661,27,283984,23,4
93180,115,1194100,77,38
40765,75,122296,52,23
74544,156,74544,102,54
45715,176,205720,114,62
56836,91,56836,62,29
73745,50,221236,37,13
56492,60,63556,43,17
18590,61,94120,43,18
43485,119,130456,79,40
82990,89,280096,61,28
36213,41,108640,31,10
43526,181,8153620,117,64
47203,52,212416,38,14
32636,67,123928,47,20
63209,78,480004,54,24
33829,59,101488,42,17
18712,61,18712,43,18
3421,56,10264,39,17
96753,97,290260,66,31
302,16,1024,13,3
45237,114,135712,76,38
66236,143,453256,94,49
54241,122,308932,81,41
65727,223,1497364,143,80
10493,104,59776,69,35
6103,155,41200,100,55
50337,88,871864,60,28
85315,195,383920,126,69
26642,170,67444,110,60
34585,98,747952,66,32
32746,67,118096,47,20
23094,175,374596,113,62
66106,161,99160,105,56
51886,52,175120,38,14
36632,111,36632,74,37
72992,156,72992,102,54
4015,43,40660,31,12
11094,55,24964,39,16
18071,40,121984,30,10
35778,124,103336,82,42
56959,122,4926904,81,41
82075,120,1331152,80,40
10730,73,16096,50,23
99714,66,149572,47,19
45018,62,67528,44,18
66321,117,198964,78,39
27752,33,27752,26,7
78070,156,281392,102,54
54749,140,164248,92,48
5802,23,8704,19,4
19191,74,129544,51,23
49690,158,74536,103,55
50994,83,86056,57,26
29593,72,99880,50,22
10648,55,10648,39,16
8717,47,26152,34,13
88892,58,427192,42,16
87546,89,599056,61,28
89913,71,303460,50,21
70317,143,210952,94,49
2369,120,9232,78,42
77576,138,95956,91,47
6656,18,6656,16,2
70032,81,70032,56,25
76430,200,2789152,129,71
91084,133,102472,88,45
87923,164,395656,107,57
55767,91,376432,62,29
13404,138,22624,90,48
32098,46,48148,34,12
78658,169,117988,110,59
10967,117,74032,77,40
99158,159,317680,104,55
93849,159,6171712,104,55
52922,78,80512,54,24
49727,65,1132864,46,19
50301,158,190996,103,55
22678,131,51028,86,45
55610,114,83416,76,38
96826,190,209680,123,67
56662,228,6810136,146,82
31025,147,93076,96,51
70314,99,105472,67,32
53007,78,536704,54,24
95286,102,814048,69,33
15339,177,6810136,114,63
68028,117,314656,78,39
92773,208,278320,134,74
80136,94,80136,64,30
19509,136,58528,89,47
3052,154,9232,99,55
48748,96,138832,65,31
87143,195,1675060,126,69
87236,71,87236,50,21
54022,78,121552,54,24
66413,161,199240,105,56
58336,166,58336,108,58
56180,47,56180,35,12
32094,98,164752,66,32
69679,187,6109504,121,66
80739,138,363328,91,47
39735,124,305908,82,42
72616,68,72616,48,20
73524,63,73524,45,18
94477,115,283432,77,38
17020,203,6810136,130,73
83614,151,423304,99,52
91795,71,413080,50,21
86673,102,260020,69,33
73848,94,93472,64,30
82751,182,1885192,118,64
79635,81,382696,56,25
28252,103,47680,69,34
25946,51,38920,37,14
90853,45,272560,34,11
32218,72,48328,50,22
8309,65,24928,45,20
5950,49,50848,35,14
51991,127,350944,84,43
1151,57,39364,39,18
89481,270,509632,172,98
74741,94,224224,64,30
66618,68,99928,48,20
94842,76,142264,53,23
16897,128,50692,84,44
46176,52,46176,38,14
7806,176,88936,113,63
5238,103,13264,68,35
20057,48,67696,35,13
45544,70,45544,49,21
56557,104,169672,70,34
3344,43,3344,31,12
13501,138,40504,90,48
53223,109,606256,73,36
29376,134,29376,88,46
9663,184,27114424,118,66
16965,110,50896,73,37
59639,166,402568,108,58
73667,68,796552,48,20
85068,151,95704,99,52
67216,68,67216,48,20
69043,130,310696,86,44
13285,107,45520,71,36
72790,143,163780,94,49
84665,107,285748,72,35
93469,71,280408,50,21
61390,135,349648,89,46
9436,60,15928,42,18
54341,39,163024,30,9
44079,194,446308,125,69
78833,213,250504,137,76
51294,83,259684,57,26
95982,190,323944,123,67
78782,107,3234328,72,35
60404,91,86020,62,29
29125,20,87376,18,2
95436,102,107368,69,33
43920,44,43920,33,11
35248,54,35248,39,15
94759,84,719584,58,26
91748,71,91748,50,21
62753,55,188260,40,15
56574,228,62710036,146,82
59102,122,336616,81,41
26647,95,179872,64,31
23050,38,34576,29,9
79606,76,255040,53,23
98117,159,294352,104,55
97380,71,156004,50,21
68386,55,102580,40,15
40159,119,609928,79,40
65418,55,98128,40,15
23290,144,44224,94,50
9824,42,9824,31,11
60161,91,180484,62,29
41976,88,179332,60,28
9541,104,39364,69,35
16365,128,95956,84,44
4612,152,9232,98,54
27664,108,27664,72,36
51992,140,51992,92,48
57680,60,57680,43,17
30978,147,46468,96,51
94705,102,284116,69,33
49116,127,95956,84,43
91008,71,91008,50,21
88224,133,88224,88,45
60891,60,462400,43,17
66388,130,66388,86,44
18072,40,18072,30,10
59276,135,66688,89,46
72370,42,122128,32,10
11939,94,53728,63,31
35196,103,133648,69,34
91681,84,275044,58,26
4001,43,12004,31,12
70589,280,11003416,178,102
93611,221,5764660,142,79
97857,159,293572,104,55
38305,155,114916,101,54
69450,81,104176,56,25
82987,89,373444,61,28
89644,164,817936,107,57
20765,74,94768,51,23
86028,76,96784,53,23
38495,75,584656,52,23
3374,43,11392,31,12
12162,63,18244,44,19
97533,190,555496,123,67
92659,115,416968,77,38
27351,183,184624,118,65
93009,159,3818500,104,55
94298,84,141448,58,26
25352,56,25352,40,16
88669,71,266008,50,21
15306,84,39364,57,27
75354,107,113032,72,35
76798,169,2952448,110,59
65954,161,98932,105,56
57459,153,258568,100,53
20359,35,137428,27,8
3268,43,3268,31,12
82746,89,176740,61,28
89589,71,268768,50,21
38514,106,138832,71,35
26093,201,190996,129,72
11339,130,51028,85,45
413,89,9232,58,31
7544,39,9556,29,10
33497,41,113056,31,10
60693,73,182080,51,22
89085,146,6171712,96,50
92921,177,352816,115,62
44426,132,66640,87,45
38757,75,116272,52,23
18889,61,95632,43,18
35736,142,35736,93,49
47296,26,47296,22,4
83043,226,373696,145,81
86000,102,275560,69,33
17956,92,25576,62,30
37842,106,517912,71,35
70641,174,211924,113,61
65511,267,9693268,170,97
34912,49,34912,36,13
59032,104,95956,70,34
88727,58,598912,42,16
7358,163,55888,105,58
32480,41,32480,31,10
61477,104,599056,70,34
44812,70,50416,49,21
36209,41,108628,31,10
20151,92,136024,62,30
71181,37,213544,29,8
43287,163,292192,106,57
68451,68,308032,48,20
21353,48,162160,35,13
55070,153,278800,100,53
14398,164,138400,106,58
41556,150,41556,98,52
46960,145,46960,95,50
729,33,2464,24,9
50518,65,113668,46,19
66235,161,335320,105,56
39955,168,179800,109,59
47281,176,182068,114,62
79460,120,79460,80,40
16780,66,18880,46,20
63933,148,191800,97,51
72937,68,553876,48,20
24467,126,110104,83,43
36940,111,41560,74,37
69897,156,353860,102,54
35271,124,238084,82,42
59164,60,99844,43,17
82638,120,1058992,80,40
51935,109,899584,73,36
64896,42,64896,32,10
32308,116,32308,77,39
54099,122,462184,81,41
60922,60,494080,43,17
5487,54,62512,38,16
8336,127,9232,83,44
86901,102,260704,69,33
89113,146,1465108,96,50
97204,66,97204,47,19
11131,73,304720,50,23
87509,45,262528,34,11
60567,135,408832,89,46
66704,161,66704,105,56
27193,90,91780,61,29
1063,75,8080,50,25
84077,120,359152,80,40
89781,164,269344,107,57
21546,69,32320,48,21
21690,118,32536,78,40
11175,117,305908,77,40
88462,133,298564,88,45
9349,60,28048,42,18
23715,188,250504,121,67
38103,199,257200,128,71
74461,94,223384,64,30
89931,164,404692,107,57
6802,88,39364,59,29
72268,50,81304,37,13
48137,70,520504,49,21
23626,126,345544,83,43
82874,120,124312,80,40
72593,94,217780,64,30
77053,161,438856,105,56
44262,163,99592,106,57
1543,109,10420,71,38
21678,43,73168,32,11
46733,83,140200,57,26
50344,65,50344,46,19
39082,44,58624,33,11
62857,135,1290328,89,46
93106,146,157120,96,50
88859,208,5764660,134,74
19066,53,28600,38,15
83461,151,250384,99,52
88093,45,264280,34,11
54694,153,123064,100,53
26963,90,345544,61,29
28296,33,28296,26,7
13808,45,13808,33,12
42349,132,127048,87,45
26433,139,79300,91,48
83286,151,187396,99,52
91793,71,275380,50,21
57855,210,4448356,135,75
40263,119,515968,79,40
37081,93,125152,63,30
1325,26,3976,20,6
91268,71,91268,50,21
35910,49,80800,36,13
89340,71,508840,50,21
19871,118,381976,78,40
34579,111,155608,74,37
72125,94,216376,64,30
26791,69,514996,48,21
25290,157,37936,102,55
55130,153,82696,100,53
93715,133,2564944,88,45
94247,177,715696,115,62
15486,115,176416,76,39
44483,119,200176,79,40
86189,151,258568,99,52
4749,77,14248,52,25
86770,156,3166504,102,54
9436,60,15928,42,18
3710,118,42280,77,41
30356,72,30356,50,22
55772,60,94120,43,17
57800,47,57800,35,12
13117,107,95956,71,36
25471,95,870424,64,31
42345,150,321568,98,52
42919,150,412504,98,52
52225,140,156676,92,48
39299,49,176848,36,13
80220,94,135376,64,30
61630,60,468016,43,17
66041,174,1355668,113,61
99519,97,2267188,66,31
99836,89,852928,61,28
28017,33,84052,26,7
23961,188,138400,121,67
33592,67,71764,47,20
82849,151,248548,99,52
67642,205,146500,132,73
36396,124,897856,82,42
22701,131,68104,86,45
34621,173,103864,112,61
20560,30,20560,24,6
93046,177,235528,115,62
93397,40,280192,31,9
61643,135,277396,89,46
76540,200,1276936,129,71
21733,162,65200,105,57
91363,32,411136,26,6
30355,178,136600,115,63
13844,151,13844,98,53
71727,99,1163320,67,32
17641,141,133972,92,49
52529,78,157588,54,24
38414,199,129652,128,71
52639,202,1280608,130,72
52737,127,168964,84,43
68867,81,330964,56,25
19088,105,39364,70,35
41431,181,279664,117,64
24505,64,82708,45,19
7115,57,32020,40,17
78860,63,94768,45,18
99658,66,319300,47,19
10976,130,10976,85,45
11024,130,11024,85,45
21448,48,21448,35,13
90470,115,203560,77,38
23960,51,23960,37,14
66204,122,2324752,81,41
29704,72,29704,50,22
9338,34,14008,26,8
46428,176,78352,114,62
61530,148,92296,97,51
84666,58,127000,42,16
31922,98,53872,66,32
33308,67,56212,47,20
27356,152,46168,99,53
4836,59,13120,41,18
20160,43,20160,32,11
47606,83,305044,57,26
38089,36,192832,28,8
78753,50,236260,37,13
55285,60,165856,43,17
57044,52,57044,38,14
35548,98,59992,66,32
97008,146,97008,96,50
82845,63,248536,45,18
27533,108,82600,72,36
34350,129,115936,85,44
45446,83,102256,57,26
5714,173,32560,111,62
56179,47,252808,35,12
49408,127,49408,84,43
70341,130,211024,86,44
50991,202,662416,130,72
75673,63,255400,45,18
65546,55,98320,40,15
84792,164,619648,107,57
58142,166,294352,108,58
23794,74,67768,51,23
56571,109,724948,73,36
95085,58,285256,42,16
37893,62,113680,44,18
1016,49,4372,34,15
61814,91,1268944,62,29
27713,152,83140,99,53
8416,83,9232,56,27
62293,104,186880,70,34
23834,51,35752,37,14
4159,51,94768,36,15
62681,60,211552,43,17
20310,87,164752,59,28
6971,57,35296,40,17
72475,156,26778112,102,54
86705,76,260116,53,23
46541,145,139624,95,50
20385,74,61156,51,23
18018,40,27028,30,10
75881,94,576232,64,30
8703,109,952864,72,37
385,32,1156,23,9
405,27,1216,20,7
40944,119,897856,79,40
47927,96,323512,65,31
29190,165,65680,107,58
12764,76,21544,52,24
18385,61,55156,43,18
60101,91,180304,62,29
98143,159,1490560,104,55
9861,73,29584,50,23
80643,94,362896,64,30
50613,57,151840,41,16
23575,82,159136,56,26
23525,51,70576,37,14
69173,37,207520,29,8
10917,161,1276936,104,57
4810,59,7216,41,18
32202,72,48304,50,22
53331,70,324376,49,21
13457,138,40372,90,48
56398,109,214144,73,36
38766,62,130840,44,18
34817,173,104452,112,61
45107,62,202984,44,18
53933,47,161800,35,12
17101,66,51304,46,20
57092,52,57092,38,14
21950,56,166696,40,16
70081,104,959092,70,34
37745,62,113236,44,18
45544,70,45544,49,21
92194,177,138292,115,62
36188,93,61072,63,30
7240,70,7240,48,22
14490,71,21736,49,22
58018,73,123928,51,22
61878,210,234952,135,75
43126,132,560356,87,45
49923,52,224656,38,14
94075,84,476260,58,26
32050,98,61720,66,32
37132,62,41776,44,18
42945,75,128836,52,23
73964,156,93616,102,54
24286,113,599056,75,38
37627,62,321460,44,18
42809,194,144484,125,69
88465,146,345544,96,50
53872,91,53872,62,29
19199,167,984148,108,59
19759,97,320488,65,32
15255,84,102976,57,27
44239,101,447928,68,33
1253,132,9232,85,47
39765,93,119296,63,30
77710,107,262276,72,35
37442,49,56164,36,13
92235,40,415060,31,9
53683,47,241576,35,12
59495,96,1373920,65,31
81318,76,182968,53,23
65216,68,65216,48,20
78588,107,447604,72,35
6950,106,15640,70,36
55394,91,83092,62,29
73554,187,706948,121,66
6942,106,35152,70,36
25935,108,262600,72,36
23387,82,177604,56,26
61887,91,2379184,62,29
75746,94,113620,64,30
83252,182,83252,118,64
94457,128,680884,85,43
53414,70,152116,49,21
56801,104,323512,70,34
97240,190,97240,123,67
42319,132,651544,87,45
70174,81,355264,56,25
70391,130,475144,86,44
52330,47,78496,35,12
43089,150,129268,98,52
39812,75,85048,52,23
55480,153,55480,100,53
85393,50,256180,37,13
87370,164,6810136,107,57
19964,74,170584,51,23
55124,109,55124,73,36
92706,58,139060,42,16
73478,63,165328,45,18
14389,120,43168,79,41
5570,67,23812,46,21
69837,143,209512,94,49
36587,62,208384,44,18
12016,143,21688,93,50
45003,88,202516,60,28
6255,111,120256,73,38
17145,172,65104,111,61
24215,69,163456,48,21
80720,45,80720,34,11
71775,55,1090096,40,15
6091,36,27412,27,9
11638,143,29464,93,50
22416,100,45520,67,33
24072,43,24072,32,11
58244,166,6810136,108,58
41241,212,190996,136,76
83808,107,83808,72,35
33435,90,1626856,61,29
69725,143,209176,94,49
75698,63,127744,45,18
28733,152,86200,99,53
11315,112,50920,74,38
23955,188,138400,121,67
57109,78,171328,54,24
87045,71,261136,50,21
87506,151,479572,99,52
36669,93,223072,63,30
23062,56,51892,40,16
79253,45,237760,34,11
39750,75,89440,52,23
16908,84,19024,57,27
18778,110,28168,73,37
93230,58,314656,42,16
51746,171,1276936,111,60
91866,84,137800,58,26
81819,182,931984,118,64
23625,82,255472,56,26
23322,38,34984,29,9
10489,55,39832,39,16
22575,113,228580,75,38
5241,85,85048,57,28
43222,70,97252,49,21
10479,130,453256,85,45
55646,91,281716,62,29
19263,159,438856,103,56
52797,101,158392,68,33
4433,139,18952,90,49
95258,53,142888,39,14
64292,192,81376,124,68
79105,138,237316,91,47
59400,135,59400,89,46
79715,107,358720,72,35
50429,158,817936,103,55
87732,120,87732,80,40
303,42,3076,29,13
82559,169,27114424,110,59
56,19,56,14,5
8718,171,29428,110,61
28700,77,48436,53,24
73687,125,497392,83,42
67662,68,256912,48,20
44248,44,63016,33,11
16749,66,80512,46,20
4622,152,15604,98,54
15035,63,76120,44,19
5127,147,34612,95,52
5123,147,23056,95,52
18031,92,205396,62,30
82839,151,559168,99,52
84718,120,1100608,80,40
55659,60,250468,43,17
38639,49,990304,36,13
67068,161,572992,105,56
88870,164,199960,107,57
34675,129,156040,85,44
35855,93,363040,63,30
46272,52,46272,38,14
73689,50,248704,37,13
38519,75,260008,52,23
10268,148,17332,96,52
90826,45,136240,34,11
1063,75,8080,50,25
50449,65,151348,46,19
95463,190,17876536,123,67
6230,62,14020,43,19
56794,60,85192,43,17
47916,189,138400,122,67
4633,108,15640,71,37
3597,118,10792,77,41
6169,111,20824,73,38
7562,39,11344,29,10
73795,94,332080,64,30
82153,138,623860,91,47
26735,170,1951288,110,60
6372,124,9232,81,43
26070,77,74248,53,24
79906,169,119860,110,59
12911,169,147076,109,60
73480,187,73480,121,66
77736,50,77736,37,13
81265,182,243796,118,64
23276,144,29464,94,50
72275,249,9635920,159,90
81450,45,122176,34,11
60005,166,180016,108,58
62982,117,141712,78,39
84660,58,84660,42,16
54554,140,81832,92,48
48448,114,48448,76,38
34530,54,51796,39,15
75704,63,75704,45,18
76091,55,385216,40,15
17261,128,51784,84,44
3813,30,11440,23,7
28025,121,359152,80,41
58657,135,175972,89,46
27286,139,61396,91,48
92437,146,277312,96,50
1606,21,3616,17,4
71159,81,512944,56,25
72304,94,72304,64,30
27140,90,28996,61,29
77150,169,390580,110,59
56139,197,252628,127,70
76126,63,385396,45,18
13919,89,211408,60,29
85656,50,85656,37,13
27447,59,185272,42,17
13047,200,190996,128,72
24819,95,119284,64,31
4325,139,12976,90,49
76324,55,163024,40,15
9112,60,9112,42,18
38111,142,846916,93,49
16390,115,36880,76,39
41428,44,41428,33,11
79580,138,134296,91,47
28747,72,129364,50,22
87887,151,889864,99,52
118,33,304,23,10
84472,81,240568,56,25
13235,45,59560,33,12
53442,215,146500,138,77
847,33,8584,24,9
10955,161,49300,104,57
79240,45,79240,34,11
46515,52,209320,38,14
88237,164,264712,107,57
97580,40,109780,31,9
6470,49,14560,35,14
30106,41,45160,31,10
42102,194,250504,125,69
64324,99,64324,67,32
91923,84,413656,58,26
58068,60,58068,43,17
49377,189,1801924,122,67
45588,70,45588,49,21
36977,36,110932,28,8
67585,112,208384,75,37
78478,151,3818500,99,52
42534,150,95704,98,52
1829,130,9232,84,46
1918,130,41524,84,46
20619,211,190996,135,76
32255,191,2480056,123,68
47363,176,213136,114,62
20129,118,275560,78,40
59384,241,481624,154,87
65546,55,98320,40,15
82181,151,246544,99,52
87959,71,593728,50,21
9866,135,14800,88,47
2220,32,2500,24,8
39810,75,71764,52,23
5288,116,9232,76,40
34388,28,34388,23,5
8513,127,25540,83,44
1343,96,39364,63,33
63077,86,189232,59,27
19217,167,57652,108,59
93071,146,942352,96,50
79768,120,345544,80,40
97830,172,220120,112,60
26615,77,179656,53,24
36259,124,176740,82,42
93790,146,474820,96,50
42079,225,639088,144,81
83525,107,250576,72,35
96574,146,1856356,96,50
12220,94,223072,63,31
236,34,304,24,10
42930,75,72448,52,23
67445,161,202336,105,56
8568,171,10852,110,61
70793,86,6889048,59,27
65442,68,98164,48,20
84556,58,95128,42,16
73699,63,331648,45,18
5416,54,5416,38,16
36160,23,36160,20,3
43926,119,98836,79,40
5952,23,5952,19,4
87389,58,262168,42,16
8008,145,21688,94,51
41833,150,317680,98,52
58597,104,175792,70,34
30524,178,77272,115,63
88862,71,449872,50,21
86741,120,260224,80,40
15525,146,46576,95,51
19283,74,164752,51,23
23931,175,163780,113,62
78,35,304,24,11
20612,149,24784,97,52
16985,110,275560,73,37
14061,151,42184,98,53
82986,45,124480,34,11
84057,182,283696,118,64
43304,44,43304,33,11
59208,73,59208,51,22
75047,112,569896,75,37
29288,134,29288,88,46
93710,177,316276,115,62
39712,44,39712,33,11
11955,50,53800,36,14
73341,94,313288,64,30
72102,68,162232,48,20
71521,125,305512,83,42
87063,182,8153620,118,64
18575,167,225988,108,59
9185,184,55888,118,66
19097,136,176740,89,47
67729,205,203188,132,73
34017,204,1276936,131,73
11247,60,192184,42,18
45559,238,5399296,152,86
18382,61,104704,43,18
36456,62,36456,44,18
92264,146,92264,96,50
4019,25,18088,20,5
11303,86,85840,58,28
67507,86,303784,59,27
41158,62,92608,44,18
54918,60,123568,43,17
92739,53,417328,39,14
96647,45,652372,34,11
83123,89,374056,61,28
24520,157,44224,102,55
96810,71,145216,50,21
87488,45,87488,34,11
56820,91,56820,62,29
80911,182,819232,118,64
71325,55,213976,40,15
5409,116,16228,76,40
59380,241,481624,154,87
25054,232,481624,148,84
9447,153,107620,99,54
923,67,10528,45,22
98724,159,187432,104,55
51357,78,154072,54,24
10790,161,24280,104,57
97721,159,329812,104,55
66657,161,253096,105,56
44029,75,564244,52,23
64485,99,193456,67,32
32155,98,366280,66,32
82871,63,559384,45,18
2337,58,7012,40,18
67780,60,67780,43,17
19030,53,42820,38,15
59202,73,88804,51,22
32266,72,48400,50,22
43873,194,421684,125,69
46198,145,116944,95,50
55181,109,165544,73,36
23711,175,911572,113,62
29487,134,298564,88,46
71908,50,71908,37,13
71896,94,345544,64,30
64436,73,64436,51,22
40632,181,40632,117,64
20104,136,20104,89,47
64773,68,194320,48,20
14383,195,145636,125,70
84292,81,84292,56,25
3757,87,11272,58,29
20610,149,30916,97,52
16479,159,400948,103,56
39667,168,254176,109,59
75684,107,517912,72,35
99098,190,190996,123,67
71316,50,71316,37,13
77835,50,350260,37,13
14154,58,21232,41,17
76326,55,171736,40,15
13000,138,13000,90,48
55319,47,373408,35,12
815,134,9232,86,48
76078,55,256768,40,15
90475,102,407140,69,33
2444,40,2752,29,11
75994,107,410884,72,35
75917,156,227752,102,54
73320,156,73320,102,54
17369,48,58624,35,13
15329,84,118096,57,27
56943,104,648628,70,34
91752,32,91752,26,6
99132,66,250936,47,19
27307,183,122884,118,65
85452,58,96136,42,16
39916,75,85264,52,23
37220,93,37220,63,30
80880,89,145780,61,28
64645,148,193936,97,51
60280,91,85840,62,29
53029,78,159088,54,24
127,46,4372,31,15
52330,47,78496,35,12
27633,46,82900,34,12
65311,68,991924,48,20
55177,91,314260,62,29
86067,195,387304,126,69
44328,70,44328,49,21
68905,112,2235112,75,37
3798,69,8548,47,22
47883,96,215476,65,31
13719,63,92608,44,19
34561,54,103684,39,15
76590,156,258496,102,54
22117,43,66352,32,11
36245,67,108736,47,20
1646,135,9232,87,48
47524,101,114208,68,33
19257,105,138832,70,35
53174,78,201904,54,24
37431,93,479680,63,30
39283,75,176776,52,23
63375,285,9635920,181,104
68245,174,204736,113,61
11695,81,118420,55,26
56265,83,284848,57,26
75061,156,225184,102,54
97417,296,2106628,188,108
57546,166,86320,108,58
39225,106,167560,71,35
97946,177,8153620,115,62
13225,151,225988,98,53
40739,36,183328,28,8
25151,157,572992,102,55
63732,55,63732,40,15
49689,158,167704,103,55
99930,66,149896,47,19
73510,156,165400,102,54
8578,78,12868,53,25
8071,70,54484,48,22
8667,127,65824,83,44
57762,47,86644,35,12
36369,142,109108,93,49
6784,18,6784,16,2
41915,150,212200,98,52
70508,55,133864,40,15
79027,125,355624,83,42
67527,112,455812,75,37
70836,99,70836,67,32
45766,83,102976,57,26
19957,136,59872,89,47
87896,102,87896,69,33
46241,70,296296,49,21
37149,168,225988,109,59
94271,107,2324752,72,35
4758,77,10708,52,25
19098,105,39364,70,35
10396,148,19744,96,52
16242,40,27412,30,10
27697,90,83092,61,29
70481,174,225808,113,61
46164,52,46164,38,14
19817,74,150496,51,23
49841,189,575728,122,67
52854,47,133792,35,12
24918,38,56068,29,9
96732,97,163240,66,31
21567,149,491344,97,52
75453,156,226360,102,54
62824,86,62824,59,27
20807,180,399976,116,64
75521,63,226564,45,18
1760,117,9232,76,41
41950,93,6889048,63,30
92375,208,623536,134,74
2483,40,11176,29,11
24443,95,123748,64,31
33720,160,33720,104,56
58067,122,261304,81,41
93502,146,4549444,96,50
2080,32,2080,24,8
2718,66,13768,45,21
59677,117,179032,78,39
27953,90,85048,61,29
86445,71,259336,50,21
42461,150,127384,98,52
90398,63,457648,45,18
72848,156,72848,102,54
93608,146,93608,96,50
89107,120,400984,80,40
18450,229,250504,146,83
33537,41,100612,31,10
64078,47,243304,35,12
38259,80,172168,55,25
48303,96,1762720,65,31
28866,72,54808,50,22
6646,119,345544,78,41
38001,80,114004,55,25
26738,95,45124,64,31
11486,81,65428,55,26
38566,75,164752,52,23
25523,77,114856,53,24
65156,42,65156,32,10
55169,91,165508,62,29
52488,78,52488,54,24
12343,262,975400,166,96
40807,150,3529816,98,52
48771,39,219472,30,9
78624,138,78624,91,47
99786,203,250504,131,72
75630,63,255256,45,18
52604,78,199744,54,24
81975,89,5048080,61,28
26400,139,26400,91,48
85383,50,576340,37,13
81245,89,243736,61,28
76535,112,516616,75,37
55107,184,247984,119,65
30679,178,6810136,115,63
76219,107,385864,72,35
63231,104,3646276,70,34
74056,262,975400,167,95
56374,228,481624,146,82
31481,85,119536,58,27
85231,102,4914916,69,33
68837,81,206512,56,25
72259,50,325168,37,13
39987,67,179944,47,20
24161,43,91744,32,11
85596,50,144448,37,13
79112,125,79112,83,42
64930,161,97396,105,56
73507,156,330784,102,54
34912,49,34912,36,13
87128,71,87128,50,21
31822,54,120832,39,15
75040,156,75040,102,54
60536,135,76624,89,46
84459,226,1082320,145,81
12176,37,12176,28,9
54772,153,54772,100,53
86926,107,846916,72,35
66359,99,447928,67,32
17328,141,17328,92,49
47058,282,11003416,179,103
6151,111,41524,73,38
4426,139,9232,90,49
16033,45,48100,33,12
2199,32,14848,24,8
60501,42,181504,32,10
53395,215,2633632,138,77
20080,92,20080,62,30
36221,41,137536,31,10
41875,88,188440,60,28
13860,151,19744,98,53
50461,65,242512,46,19
31420,85,79540,58,27
8706,140,13060,91,49
42881,150,128644,98,52
23237,51,69712,37,14
87956,102,87956,69,33
85515,50,384820,37,13
15359,239,1992904,152,87
99714,66,149572,47,19
94915,177,427120,115,62
76919,169,519208,110,59
14597,45,43792,33,12
33573,129,100720,85,44
78758,200,575728,129,71
1280,13,1280,12,1
63198,78,359944,54,24
62517,42,187552,32,10
7084,57,10096,40,17
17772,97,33748,65,32
29976,90,29976,61,29
45649,83,136948,57,26
48286,44,244456,33,11
19064,53,24136,38,15
67643,205,342448,132,73
90094,102,410992,69,33
86144,71,86144,50,21
37600,124,37600,82,42
51921,52,155764,38,14
28530,51,48148,37,14
35955,49,161800,36,13
27857,64,100420,45,19
2574,146,9232,94,52
78345,138,396628,91,47
35368,98,35368,66,32
99609,141,336184,93,48
60775,91,5914132,62,29
23753,100,120256,67,33
55030,166,176308,108,58
17686,79,39796,54,25
51694,78,174472,54,24
55962,109,83944,73,36
76909,161,1052512,105,56
74533,156,223600,102,54
81995,151,368980,99,52
56134,197,250504,127,70
97426,84,296296,58,26
61269,60,183808,43,17
92202,40,138304,31,9
38244,80,38244,55,25
57385,104,653668,70,34
31654,103,71224,69,34
26658,183,250504,118,65
39953,168,119860,109,59
22181,56,94768,40,16
97433,84,328840,58,26
78412,107,88216,72,35
1623,135,10960,87,48
48757,65,146272,46,19
40810,88,61216,60,28
16726,66,37636,46,20
61397,135,184192,89,46
51227,78,875284,54,24
81183,76,1232980,53,23
82566,151,185776,99,52
29403,147,905416,96,51
4264,33,4264,25,8
96524,53,108592,39,14
46829,145,140488,95,50
47925,52,143776,38,14
74183,94,500740,64,30
93066,53,139600,39,14
59053,73,319300,51,22
11665,81,34996,55,26
35738,142,53608,93,49
89564,71,151144,50,21
29374,72,223072,50,22
36398,124,897856,82,42
86146,195,1276936,126,69
38710,124,220480,82,42
61121,34,183364,27,7
19251,48,86632,35,13
21173,56,63520,40,16
11556,143,14632,93,50
87411,58,393352,42,16
78618,138,117928,91,47
53277,171,159832,111,60
57493,34,172480,27,7
53003,78,238516,54,24
89600,89,89600,61,28
72356,187,695464,121,66
91249,32,273748,26,6
24763,69,125368,48,21
11047,68,83896,47,21
97000,146,97000,96,50
28770,165,43156,107,58
53303,78,455380,54,24
23151,113,375496,75,38
68248,174,138400,113,61
4854,121,12292,79,42
94614,84,212884,58,26
89400,120,305908,80,40
21793,56,65380,40,16
59130,210,250504,135,75
74479,143,8153620,94,49
67299,99,302848,67,32
31988,54,31988,39,15
15851,58,304720,41,17
12113,68,36340,47,21
24059,95,208384,64,31
45421,163,184192,106,57
38891,155,479572,101,54
66018,42,99028,32,10
47305,145,239488,95,50
32922,116,49384,77,39
1525,109,9232,71,38
15049,89,76192,60,29
35112,142,35112,93,49
37905,62,113716,44,18
54913,122,890656,81,41
34009,129,114784,85,44
61,19,184,14,5
74667,94,336004,64,30
83560,58,83560,42,16
55338,109,83008,73,36
13351,68,101392,47,21
24355,64,109600,45,19
45187,62,203344,44,18
28146,152,53440,99,53
34021,85,102064,58,27
86124,107,785752,72,35
75187,112,338344,75,37
85470,195,2631688,126,69
20582,61,46312,43,18
88930,164,133396,107,57
23052,38,25936,29,9
51475,171,742120,111,60
91749,71,275248,50,21
69627,112,446128,75,37
6961,57,20884,40,17
35773,155,619648,101,54
21521,74,64564,51,23
49482,96,74224,65,31
36409,186,122884,120,66
94007,84,634552,58,26
57135,104,578500,70,34
20492,149,23056,97,52
1342,96,39364,63,33
44624,132,44624,87,45
90328,151,846916,99,52
339,50,4372,34,16
71432,99,85840,67,32
12255,63,186136,44,19
51861,171,155584,111,60
11345,81,34036,55,26
1751,29,11824,22,7
54757,153,175444,100,53
67958,205,2480056,132,73
58054,73,130624,51,22
70856,112,70856,75,37
15897,53,53656,38,15
55762,60,211732,43,17
62553,254,481624,162,92
77455,76,784240,53,23
90601,115,774016,77,38
27936,152,27936,99,53
37642,62,56464,44,18
29712,41,29712,31,10
70343,143,474820,94,49
12183,37,82240,28,9
87834,133,131752,88,45
56277,153,168832,100,53
19542,136,43972,89,47
94458,84,179332,58,26
82311,89,555604,61,28
44814,70,151252,49,21
37199,261,2480056,166,95
8821,47,26464,34,13
24071,95,164752,64,31
69769,112,3394708,75,37
11123,130,50056,85,45
80560,138,80560,91,47
73544,94,176740,64,30
83442,89,158416,61,28
41787,62,211552,44,18
94935,146,640816,96,50
99805,203,299416,131,72
6738,181,138400,116,65
36063,93,547720,63,30
54238,184,521296,119,65
51572,26,51572,22,4
25511,113,314656,75,38
19427,48,87424,35,13
37266,155,94336,101,54
17851,71,90376,49,22
66151,73,1130272,51,22
87313,133,261940,88,45
89614,164,302452,107,57
74911,112,2879872,75,37
52376,140,52376,92,48
35436,80,255472,55,25
96444,128,586600,85,43
57133,34,171400,27,7
78946,76,118420,53,23
82051,182,369232,118,64
95403,53,429316,39,14
2984,22,2984,18,4
97242,190,145864,123,67
20663,167,8153620,108,59
23511,157,225988,102,55
78188,107,250504,72,35
40999,181,311344,117,64
56847,91,575584,62,29
94072,84,200932,58,26
6641,93,19924,62,31
44548,93,67768,63,30
54621,184,163864,119,65
15318,177,209680,114,63
7565,39,22696,29,10
27346,152,103840,99,53
94224,102,94224,69,33
79274,138,118912,91,47
74860,94,479680,64,30
80766,213,2619844,137,76
74039,187,499768,121,66
52394,47,78592,35,12
66082,192,190996,124,68
29431,121,198664,80,41
75533,107,226600,72,35
27789,108,83368,72,36
95506,146,407968,96,50
48544,65,48544,46,19
13920,32,13920,25,7
69347,143,312064,94,49
96123,115,493288,77,38
39975,75,303568,52,23
16372,66,118096,46,20
45085,62,135256,44,18
29630,59,427192,42,17
51185,78,153556,54,24
61917,148,185752,97,51
73973,156,221920,102,54
62188,60,112084,43,17
12985,50,43828,36,14
33040,129,33040,85,44
85432,50,85432,37,13
83692,133,105928,88,45
58607,166,5413552,108,58
10617,254,497176,161,93
50073,65,169000,46,19
24575,157,9565936,102,55
3431,118,250504,77,41
12677,55,38032,39,16
10817,117,32452,77,40
32734,191,279664,123,68
85681,50,257044,37,13
2051,37,9232,27,10
33934,85,114532,58,27
24952,51,31588,37,14
32414,191,164104,123,68
34802,80,111508,55,25
55620,91,55620,62,29
32914,266,975400,169,97
40601,88,208384,60,28
57776,73,61720,51,22
90817,133,272452,88,45
90094,102,410992,69,33
35401,80,179224,55,25
4495,77,45520,52,25
80689,213,6810136,137,76
89432,45,89432,34,11
74692,37,74692,29,8
97420,66,109600,47,19
43002,101,275560,68,33
67365,68,202096,48,20
45029,114,410884,76,38
97660,159,370816,104,55
37574,111,84544,74,37
807,72,39364,48,24
56639,109,1290328,73,36
29758,147,225988,96,51
34637,54,103912,39,15
80098,32,120148,26,6
48281,44,162952,33,11
24263,144,163780,94,50
80436,138,80436,91,47
62212,86,62212,59,27
54843,65,277648,46,19
56980,52,56980,38,14
81471,138,1856032,91,47
38198,137,367144,90,47
41845,181,190996,117,64
64755,192,291400,124,68
34158,129,115288,85,44
77130,76,164752,53,23
40043,168,192436,109,59
61666,55,92500,40,15
82857,120,3023620,80,40
27377,59,82132,42,17
55555,153,250000,100,53
14200,89,45520,60,29
81413,138,244240,91,47
50949,109,152848,73,36
73782,94,630340,64,30
72751,81,736612,56,25
66263,99,447280,67,32
46601,57,235924,41,16
76899,76,346048,53,23
62484,104,62484,70,34
18298,123,250504,81,42
30449,33,91348,26,7
26173,139,78520,91,48
42875,137,846916,90,47
7658,57,11488,40,17
84387,81,379744,56,25
25426,108,217240,72,36
26686,69,486952,48,21
24579,51,110608,37,14
28832,59,28832,42,17
7907,52,35584,37,15
61414,117,560356,78,39
54029,78,162088,54,24
7288,44,9232,32,12
33661,111,345544,74,37
75759,63,1294432,45,18
60505,135,204208,89,46
59721,78,302344,54,24
34702,129,117124,85,44
83301,151,249904,99,52
17675,79,79540,54,25
83561,89,634552,61,28
23875,144,107440,94,50
43643,57,220948,41,16
97821,159,293464,104,55
65161,223,626272,143,80
17603,79,79216,54,25
88802,71,133204,50,21
25932,170,83104,110,60
94378,146,141568,96,50
29193,46,147796,34,12
46543,114,1006504,76,38
42521,62,143512,44,18
64773,68,194320,48,20
58763,166,264436,108,58
50107,65,253672,46,19
81122,37,121684,29,8
25560,77,25560,53,24
33743,59,341656,42,17
69670,143,156760,94,49
80200,94,114208,64,30
21755,162,278800,105,57
3973,95,11920,63,32
70832,99,70832,67,32
41874,88,106000,60,28
94662,27,212992,23,4
9904,135,9904,88,47
3021,66,9232,45,21
41756,88,70468,60,28
85957,102,257872,69,33
86989,133,260968,88,45
45649,83,136948,57,26
9517,78,28552,53,25
2397,120,9232,78,42
84083,58,378376,42,16
19130,123,28696,81,42
1592,122,9232,79,43
11304,130,11304,85,45
30562,33,45844,26,7
71720,50,71720,37,13
92109,177,276328,115,62
99617,40,298852,31,9
86232,151,184192,99,52
7315,119,32920,78,41
19624,43,19624,32,11
67676,86,114208,59,27
96827,190,490192,123,67
65083,42,329488,32,10
83625,63,3214888,45,18
33131,98,149092,66,32
51757,171,1276936,111,60
97625,40,329488,31,9
26293,77,78880,53,24
86207,133,1963924,88,45
69275,135,6398980,89,46
2470,133,9232,86,47
53948,140,136564,92,48
22535,61,152116,43,18
63621,104,190864,70,34
48875,220,278368,141,79
49709,65,149128,46,19
74554,94,179152,64,30
68345,205,374596,132,73
49139,171,1702276,111,60
54303,184,1565728,119,65
47639,145,321568,95,50
78250,45,117376,34,11
2720,14,2720,13,1
22891,69,103012,48,21
77237,107,231712,72,35
36510,155,184840,101,54
42535,150,323008,98,52
92242,133,525364,88,45
18788,110,18788,73,37
48846,101,2112640,68,33
57933,104,223072,70,34
92125,115,560356,77,38
91660,32,103120,26,6
33063,142,251080,93,49
75714,107,215620,72,35
87264,133,95956,88,45
95757,53,287272,39,14
60462,91,204064,62,29
75419,231,2612464,148,83
66673,130,200020,86,44
34833,142,104500,93,49
31967,147,485512,96,51
72546,94,108820,64,30
12988,50,32884,36,14
37312,36,37312,28,8
31576,191,250504,123,68
63853,99,191560,67,32
1008,111,9232,72,39
70982,81,170584,56,25
76243,107,343096,72,35
47518,75,240568,52,23
29258,121,43888,80,41
87273,71,662740,50,21
42208,150,42208,98,52
13282,94,19924,63,31
61247,166,1395304,108,58
1436,52,9232,36,16
98876,159,400948,104,55
91358,115,520324,77,38
26661,95,79984,64,31
5085,33,15256,25,8
82198,138,184948,91,47
13508,37,13508,28,9
72596,68,72596,48,20
83808,107,83808,72,35
45540,132,64852,87,45
7492,88,9232,59,29
50193,65,150580,46,19
80396,138,90448,91,47
63889,192,191668,124,68
73610,50,110416,37,13
9078,184,1276936,118,66
20954,105,31432,70,35
76920,125,97360,83,42
67890,112,114568,75,37
23822,126,80404,83,43
37568,124,37568,82,42
24861,64,74584,45,19
21196,100,23848,67,33
77476,76,330964,53,23
90875,146,121012864,96,50
87267,71,392704,50,21
21428,30,21428,24,6
27084,183,32560,118,65
87047,71,587572,50,21
57373,78,172120,54,24
44065,70,132196,49,21
7814,39,17584,29,10
31599,77,359944,53,24
93107,146,418984,96,50
27083,183,121876,118,65
29242,121,43864,80,41
96215,84,649456,58,26
44570,70,66856,49,21
11746,99,17620,66,33
26030,51,87856,37,14
13026,45,19540,33,12
14289,32,42868,25,7
89187,120,401344,80,40
6541,44,19624,32,12
97769,71,835252,50,21
81959,89,622384,61,28
68879,174,697408,113,61
41847,132,282472,87,45
75933,55,227800,40,15
17483,48,78676,35,13
23412,144,23412,94,50
50976,127,50976,84,43
60546,47,90820,35,12
78798,125,448792,83,42
52308,47,52308,35,12
3094,35,6964,26,9
77259,107,347668,72,35
22043,268,2480056,170,98
52931,52,238192,38,14
44414,207,505924,133,74
93624,146,93624,96,50
97884,115,165184,77,38
33757,160,101272,104,56
53269,96,159808,65,31
39215,124,397060,82,42
81872,138,81872,91,47
28603,51,144808,37,14
53332,34,53332,27,7
48902,158,110032,103,55
99987,159,449944,104,55
63417,55,214036,40,15
32197,72,96592,50,22
5627,59,32056,41,18
7425,132,22276,86,46
12858,169,19288,109,60
19983,167,202336,108,59
76962,76,115444,53,23
1981,99,14308,65,34
48291,44,217312,33,11
26432,95,26432,64,31
84977,58,254932,42,16
82712,58,82712,42,16
26386,126,84544,83,43
38159,80,386368,55,25
23020,56,29140,40,16
18640,123,18640,81,42
85531,76,1461400,53,23
99912,66,99912,47,19
21564,30,54592,24,6
39342,168,132784,109,59
5777,142,17332,92,50
36445,62,109336,44,18
68917,81,206752,56,25
8712,47,8712,34,13
74319,68,752488,48,20
82971,226,17244088,145,81
85554,107,1040740,72,35
30708,134,65608,88,46
39111,75,264004,52,23
61789,55,185368,40,15
82880,45,82880,34,11
38828,168,6810136,109,59
5656,129,9232,84,45
44860,70,113560,49,21
53626,96,85912,65,31
52099,78,234448,54,24
15252,32,15252,25,7
527,79,9232,52,27
68761,81,232072,56,25
47838,57,272464,41,16
11537,143,34612,93,50
28542,196,365776,126,70
79084,138,100096,91,47
51028,127,51028,84,43
34532,54,34532,39,15
8713,140,44116,91,49
65456,130,95956,86,44
74745,63,538792,45,18
5110,59,14560,41,18
49269,158,147808,103,55
54616,184,83104,119,65
82504,89,223072,61,28
29760,41,29760,31,10
85709,32,257128,26,6
60113,65,180340,46,19
26590,77,227176,53,24
30016,28,30016,23,5
29010,134,954016,88,46
83310,151,281176,99,52
62047,148,942352,97,51
26144,46,26144,34,12
6155,155,27700,100,55
21805,56,65416,40,16
41689,44,140704,33,11
64289,99,192868,67,32
51196,171,984148,111,60
20582,61,46312,43,18
52649,78,899584,54,24
30088,41,30088,31,10
49931,114,224692,76,38
32982,67,118888,47,20
69299,143,311848,94,49
46168,145,46168,95,50
75305,112,2171284,75,37
43409,119,130228,79,40
39500,137,44440,90,47
52270,109,176416,73,36
38560,23,38560,20,3
74320,187,190996,121,66
95318,146,214468,96,50
96348,53,162592,39,14
48788,127,250504,84,43
35489,80,113704,55,25
74442,94,111664,64,30
74664,37,74664,29,8
22432,87,22432,59,28
61682,166,281392,108,58
63484,130,2316760,86,44
49154,96,73732,65,31
6369,106,275560,70,36
27425,90,82276,61,29
45005,163,135016,106,57
83870,164,6980632,107,57
88653,71,265960,50,21
56986,52,85480,38,14
50070,65,112660,46,19
52327,109,3394708,73,36
81062,63,230848,45,18
23399,82,899584,56,26
98394,115,147592,77,38
50862,57,171664,41,16
75898,63,113848,45,18
81906,257,295216,164,93
68578,174,102868,113,61
65642,42,98464,32,10
9079,184,1276936,118,66
25004,113,60100,75,38
62769,130,188308,86,44
51048,78,51048,54,24
71627,143,322324,94,49
57661,73,172984,51,22
49787,114,252052,76,38
1926,50,4336,35,15
83977,120,425140,80,40
26016,46,26016,34,12
33321,90,427012,61,29
64882,148,109492,97,51
90828,45,102184,34,11
26290,46,44368,34,12
3390,180,48904,115,65
25684,25,25684,21,4
13630,182,1276936,117,65
61551,254,2132080,162,92
24827,118,2324752,78,40
26631,95,179764,64,31
98763,159,444436,104,55
46164,52,46164,38,14
98512,40,98512,31,9
66436,68,319300,48,20
11654,112,95956,74,38
27962,59,41944,42,17
81942,182,184372,118,64
74138,112,111208,75,37
33663,111,1150360,74,37
98819,146,444688,96,50
56447,83,1928932,57,26
21289,56,242512,40,16
95082,53,142624,39,14
36878,49,124468,36,13
15314,84,65428,57,27
80886,213,311344,137,76
72716,143,81808,94,49
10327,55,69712,39,16
1561,60,5272,41,19
79149,125,237448,83,42
83187,213,374344,137,76
26746,46,40120,34,12
31891,59,143512,42,17
20023,211,2633632,135,76
52580,47,52580,35,12
70317,143,210952,94,49
83848,151,83848,99,52
28381,59,85144,42,17
2357,120,9232,78,42
70327,130,474712,86,44
92448,146,92448,96,50
89900,164,101140,107,57
20050,92,114208,62,30
75718,63,170368,45,18
16083,97,72376,65,32
662,25,1492,19,6
37413,186,269728,120,66
2921,79,22192,53,26
91195,208,1404052,134,74
60316,104,1100608,70,34
79562,76,119344,53,23
8947,96,86020,64,32
94243,102,424096,69,33
45501,83,145780,57,26
16310,128,61936,84,44
55231,166,1415536,108,58
98657,159,374596,104,55
30028,165,144340,107,58
72542,187,392200,121,66
59322,135,88984,89,46
957,54,9232,37,17
74132,112,74132,75,37
47909,189,143728,122,67
78340,169,79432,110,59
25964,170,49300,110,60
39444,75,39444,52,23
99260,97,954016,66,31
39064,75,39064,52,23
80819,89,363688,61,28
4704,121,9232,79,42
65129,104,2112640,70,34
72100,68,136888,48,20
25850,170,209680,110,60
31861,54,95584,39,15
31586,41,47380,31,10
22016,38,22016,29,9
77540,76,77540,53,23
43586,57,65380,41,16
26959,90,272968,61,29
26018,139,39028,91,48
76708,200,145636,129,71
45351,101,1047328,68,33
12202,112,18304,74,38
29427,103,424276,69,34
17779,185,250504,119,66
45242,114,67864,76,38
42230,106,106900,71,35
86653,89,4002208,61,28
48365,96,145096,65,31
98834,146,250180,96,50
84879,151,859408,99,52
57057,104,487456,70,34
27491,33,123712,26,7
19976,92,19976,62,30
26724,95,26724,64,31
23280,144,23280,94,50
78302,169,1505140,110,59
11562,50,17344,36,14
66062,161,222964,105,56
88398,102,566404,69,33
49154,96,73732,65,31
33143,67,223720,47,20
26917,139,80752,91,48
64325,99,192976,67,32
44966,101,324160,68,33
4649,134,67048,87,47
35134,80,675376,55,25
50678,96,410992,65,31
96060,71,243160,50,21
94589,115,359152,77,38
99951,203,1138516,131,72
98318,97,331828,66,31
70136,81,199744,56,25
35047,217,399220,139,78
47065,52,158848,38,14
69351,130,888712,86,44
45894,114,176740,76,38
61273,179,209680,116,63
92153,177,393640,115,62
67650,205,146500,132,73
64675,148,291040,97,51
13761,151,41284,98,53
21928,131,21928,86,45
86476,71,97288,50,21
61368,135,61368,89,46
97956,128,470752,85,43
12589,125,37768,82,43
52234,171,78352,111,60
44739,269,497176,171,98
33398,116,84544,77,39
82190,138,277396,91,47
76368,107,76368,72,35
71261,99,213784,67,32
76620,156,86200,102,54
19817,74,150496,51,23
42241,106,126724,71,35
6277,36,18832,27,9
79531,50,357892,37,13
23500,56,26440,40,16
88577,71,265732,50,21
82496,151,82496,99,52
71636,94,71636,64,30
85113,102,484756,69,33
35947,93,161764,63,30
55205,122,283336,81,41
51887,127,525364,84,43
71653,99,214960,67,32
15564,40,17512,30,10
92325,115,899584,77,38
92465,133,277396,88,45
9848,73,12472,50,23
26156,170,29428,110,60
79672,76,127636,53,23
83311,138,948976,91,47
67279,117,8286136,78,39
18310,154,41200,100,54
620,87,9232,57,30
83195,120,1066120,80,40
50109,233,481624,149,84
34708,80,34708,55,25
20338,87,34324,59,28
81538,37,122308,29,8
66505,117,336688,78,39
47615,220,4633504,141,79
91429,177,274288,115,62
91156,71,91156,50,21
282,16,424,13,3
27421,90,82264,61,29
80897,182,328048,118,64
39031,155,263464,101,54
1059,31,4768,23,8
86214,151,193984,99,52
76261,63,228784,45,18
28405,90,85216,61,29
29857,165,191320,107,58
9201,47,27604,34,13
64179,55,288808,40,15
33998,85,290464,58,27
25612,170,28816,110,60
41236,31,41236,25,6
35058,67,99844,47,20
1240,88,9232,58,30
65662,86,747952,59,27
45273,70,152800,49,21
89394,71,322216,50,21
61213,86,330964,59,27
15399,146,116944,95,51
56504,104,56504,70,34
6639,75,127636,51,24
6571,62,94768,43,19
68786,68,116080,48,20
9111,60,61504,42,18
79142,76,178072,53,23
12116,112,12116,74,38
39063,137,263680,90,47
22912,38,22912,29,9
32557,116,97672,77,39
78132,76,78132,53,23
1970,24,3328,19,5
43754,44,65632,33,11
82812,120,314440,80,40
4471,46,30184,33,13
10226,135,32776,88,47
23197,206,190996,132,74
13670,58,30760,41,17
37381,186,575728,120,66
48321,44,144964,33,11
47415,83,320056,57,26
15578,84,23368,57,27
88010,71,132016,50,21
55410,91,93508,62,29
28626,90,206368,61,29
81041,138,243124,91,47
24090,43,36136,32,11
36488,62,36488,44,18
65839,267,975400,170,97
97000,146,97000,96,50
94796,102,106648,69,33
50139,114,380752,76,38
42824,49,42824,36,13
37209,137,381976,90,47
54062,39,182464,30,9
30660,59,30660,42,17
31891,59,143512,42,17
79135,76,1201876,53,23
47056,52,47056,38,14
19509,136,58528,89,47
42288,106,42288,71,35
78917,76,236752,53,23
26985,77,204928,53,24
8126,65,61720,45,20
36060,93,61720,63,30
69570,187,1355668,121,66
17088,27,17088,22,5
5705,80,61720,54,26
60577,148,3315976,97,51
73385,174,27114424,113,61
87129,71,294064,50,21
72461,81,217384,56,25
27209,183,137752,118,65
85151,107,8286136,72,35
66025,73,564064,51,22
39883,106,179476,71,35
25924,170,27700,110,60
29166,165,98440,107,58
67204,161,67204,105,56
91750,71,206440,50,21
4115,113,18520,74,39
64966,42,146176,32,10
36322,67,54484,47,20
73298,218,417472,140,78
96653,71,289960,50,21
99305,146,8153620,96,50
25427,108,217240,72,36
17773,97,53320,65,32
3713,69,23812,47,22
1368,127,9232,82,45
91737,84,309616,58,26
51925,140,155776,92,48
3727,69,37744,47,22
89153,71,267460,50,21
27724,152,31192,99,53
9109,60,27328,42,18
77715,63,349720,45,18
35644,98,114208,66,32
31325,103,93976,69,34
83361,138,250084,91,47
8928,47,8928,34,13
93681,177,281044,115,62
96547,97,434464,66,31
22444,162,182068,105,57
79974,68,179944,48,20
63450,78,95176,54,24
76744,125,599056,83,42
60234,65,90352,46,19
25538,157,72736,102,55
77577,81,559204,56,25
22613,131,67840,86,45
93978,102,140968,69,33
6472,49,9232,35,14
35632,142,35632,93,49
92060,71,262168,50,21
31349,85,94048,58,27
64733,192,194200,124,68
1178,119,9232,77,42
4761,33,16072,25,8
32780,116,36880,77,39
21637,118,64912,78,40
81890,138,122836,91,47
53552,96,53552,65,31
11557,143,34672,93,50
27599,64,279448,45,19
11564,50,13012,36,14
46820,145,46820,95,50
73771,94,331972,64,30
91056,177,91056,115,62
26967,46,182032,34,12
81710,45,275776,34,11
59890,73,113704,51,22
26988,183,57652,118,65
78715,151,2423680,99,52
58349,73,280420,51,22
24597,157,73792,102,55
33175,142,345544,93,49
64107,99,288484,67,32
69968,37,69968,29,8
59183,60,599236,43,17
93301,53,279904,39,14
87164,71,330964,50,21
39311,137,398032,90,47
56089,91,341152,62,29
8907,96,40084,64,32
36915,80,166120,55,25
45380,83,45380,57,26
78613,138,235840,91,47
37651,124,1100608,82,42
46882,132,70324,87,45
46414,88,846916,60,28
6013,142,22840,92,50
50116,127,50116,84,43
7152,101,39364,67,34
57717,47,173152,35,12
93748,102,93748,69,33
92654,115,312712,77,38
36379,142,621592,93,49
42653,57,127960,41,16
72431,143,1856356,94,49
13468,89,25576,60,29
31011,147,139552,96,51
54692,153,103840,100,53
64158,99,324808,67,32
12290,50,18436,36,14
44977,88,134932,60,28
43597,163,130792,106,57
23172,56,23172,40,16
86366,182,3786424,118,64
99591,141,1817152,93,48
44140,101,424276,68,33
48714,65,73072,46,19
29735,165,225808,107,58
72589,68,217768,48,20
63647,223,62710036,143,80
3655,118,24676,77,41
89023,301,9635920,191,110
18744,154,18744,100,54
48369,96,145108,65,31
90026,177,250504,115,62
74173,169,1465108,110,59
6442,23,9664,19,4
24612,95,31156,64,31
12150,63,30760,44,19
59190,210,337120,135,75
21676,43,24388,32,11
71032,174,89908,113,61
42669,150,128008,98,52
13674,58,20512,41,17
76667,200,491236,129,71
88205,164,264616,107,57
80759,50,545128,37,13
65430,55,147220,40,15
23670,175,59920,113,62
34069,129,102208,85,44
88790,208,250504,134,74
9436,60,15928,42,18
94089,177,535876,115,62
52250,140,78376,92,48
37385,36,189268,28,8
81930,182,122896,118,64
76154,107,114232,72,35
75389,138,515860,91,47
31402,28,47104,23,5
71832,94,71832,64,30
34085,80,102256,55,25
55827,65,251224,46,19
36452,62,36452,44,18
7228,119,18304,78,41
31911,160,121012864,104,56
36042,41,54064,31,10
88921,164,300112,107,57
65682,99,210436,67,32
81572,89,392020,61,28
65482,130,98224,86,44
68577,174,390580,113,61
64175,148,649780,97,51
26161,170,78484,110,60
17634,97,26452,65,32
94881,128,410884,85,43
17015,79,114856,54,25
80533,94,241600,64,30
49105,127,147316,84,43
41622,150,93652,98,52
77232,107,223072,72,35
68389,55,205168,40,15
16015,45,162160,33,12
92579,177,416608,115,62
33756,160,56968,104,56
40391,137,272644,90,47
23712,51,23712,37,14
91659,84,412468,58,26
57994,73,86992,51,22
74697,94,378160,64,30
27214,90,103336,61,29
57785,73,195028,51,22
7422,238,481624,151,87
86937,164,293416,107,57
99074,97,148612,66,31
17728,22,17728,19,3
4359,170,29428,109,61
65109,161,195328,105,56
94019,146,423088,96,50
32118,54,81304,39,15
88701,94,959092,64,30
31911,160,121012864,104,56
98033,66,294100,47,19
55755,60,250900,43,17
62439,135,711232,89,46
29372,72,74356,50,22
51502,78,173824,54,24
60947,91,1482784,62,29
38468,49,38468,36,13
17626,53,26440,38,15
33894,59,76264,42,17
76330,107,114496,72,35
31008,54,31008,39,15
91303,115,1170016,77,38
39533,168,126664,109,59
54254,91,183112,62,29
12324,156,15604,101,55
73380,125,1357288,83,42
14211,58,63952,41,17
16457,265,975400,168,97
31368,54,31368,39,15
54625,184,207412,119,65
10107,86,51172,58,28
68009,205,1276936,132,73
72241,187,216724,121,66
64316,192,695464,124,68
69250,143,103876,94,49
70588,280,11003416,178,102
10757,73,32272,50,23
68012,86,76516,59,27
36379,142,621592,93,49
4256,33,4256,25,8
14485,71,43456,49,22
56550,109,127240,73,36
34504,54,34504,39,15
73795,94,332080,64,30
45114,88,67672,60,28
74070,112,166660,75,37
98118,159,220768,104,55
5250,28,7876,22,6
19202,167,28804,108,59
58577,104,400840,70,34
9687,166,65392,107,59
53364,184,250504,119,65
97544,71,97544,50,21
662,25,1492,19,6
44844,70,50452,49,21
95674,58,143512,42,16
60964,179,146500,116,63
42829,49,128488,36,13
48605,65,145816,46,19
10527,86,159892,58,28
68911,161,838240,105,56
25593,201,311344,129,72
28983,165,195640,107,58
208,13,208,11,2
88734,58,449224,42,16
98937,66,563488,47,19
68620,68,77200,48,20
29329,72,87988,50,22
46480,52,46480,38,14
20104,136,20104,89,47
39892,137,39892,90,47
10755,73,48400,50,23
99984,159,99984,104,55
81438,37,412288,29,8
98541,159,295624,104,55
72983,63,492640,45,18
55923,91,268756,62,29
48232,26,48232,22,4
29302,72,74176,50,22
91653,84,274960,58,26
62712,86,200932,59,27
41324,168,8153620,109,59
18753,61,56260,43,18
97913,159,557656,104,55
82206,76,416176,53,23
98453,97,295360,66,31
13396,45,13396,33,12
85958,102,193408,69,33
56274,83,240388,57,26
91879,177,1177396,115,62
4896,41,4896,30,11
76560,76,76560,53,23
10700,47,12040,34,13
65062,161,146392,105,56
9716,47,9716,34,13
19170,123,28756,81,42
16164,146,65608,95,51
5783,49,39040,35,14
88178,146,158920,96,50
84329,195,640384,126,69
35586,173,144340,112,61
30683,33,233008,26,7
47865,176,181744,114,62
84417,107,253252,72,35
55115,60,248020,43,17
38068,80,38068,55,25
42686,88,324160,60,28
18074,40,27112,30,10
36036,41,36036,31,10
64978,68,246724,48,20
90374,63,203344,45,18
83363,138,375136,91,47
90518,115,203668,77,38
65451,161,294532,105,56
10383,73,105136,50,23
4438,95,9988,63,32
70972,81,179656,56,25
64613,192,1276936,124,68
90356,63,90356,45,18
61930,148,92896,97,51
97519,146,5623504,96,50
98865,120,296596,80,40
12330,37,18496,28,9
25170,108,143368,72,36
87469,239,262408,153,86
34595,54,155680,39,15
76958,169,389608,110,59
60632,135,599056,89,46
45034,176,250504,114,62
63134,179,319624,116,63
73166,125,468808,83,42
73862,94,166192,64,30
52291,171,235312,111,60
94032,53,94032,39,14
31751,103,214324,69,34
95156,146,95156,96,50
40462,137,136564,90,47
73801,143,531988,94,49
78223,76,792016,53,23
24227,69,109024,48,21
6722,44,10084,32,12
56155,197,426436,127,70
20610,149,30916,97,52
52131,52,234592,38,14
72910,187,622888,121,66
55250,65,796552,46,19
48896,52,48896,38,14
94474,115,141712,77,38
5657,111,39364,73,38
74521,138,453256,91,47
63741,99,363040,67,32
64310,99,366280,67,32
29985,90,89956,61,29
73823,218,1121200,140,78
5902,98,19924,65,33
31553,28,94660,23,5
91246,84,584656,58,26
31056,103,31056,69,34
37686,168,619648,109,59
73966,156,249640,102,54
14717,164,55888,106,58
11139,130,50128,85,45
35299,49,158848,36,13
51113,140,3315976,92,48
23430,144,52720,94,50
50201,127,1100608,84,43
71309,50,213928,37,13
48245,96,144736,65,31
17348,48,17348,35,13
16921,84,57112,57,27
31823,54,322216,39,15
46660,83,46660,57,26
40109,93,120328,63,30
89100,94,100240,64,30
7968,52,7968,37,15
11872,50,11872,36,14
94300,84,159136,58,26
77453,63,232360,45,18
74271,68,1128004,48,20
33614,67,127636,47,20
28180,108,28180,72,36
52189,202,190996,130,72
55100,171,8153620,111,60
35263,155,1355668,101,54
78214,76,175984,53,23
18269,61,54808,43,18
77867,107,350404,72,35
86270,89,1474036,61,28
60546,47,90820,35,12
92823,84,626560,58,26
72147,179,395440,116,63
71967,187,1093012,121,66
39923,75,179656,52,23
79365,50,238096,37,13
42914,49,64372,36,13
97034,128,560356,85,43
55678,140,634228,92,48
49842,189,575728,122,67
46333,114,263896,76,38
92063,115,1573000,77,38
95695,177,3104080,115,62
25033,64,126736,45,19
37847,62,255472,44,18
59475,166,338740,108,58
44937,70,255940,49,21
29795,116,134080,77,39
61589,135,184768,89,46
70985,81,383776,56,25
50332,264,497176,168,96
94398,177,716848,115,62
28142,108,94984,72,36
9075,65,40840,45,20
6407,168,43252,108,60
97360,115,97360,77,38
23292,144,132676,94,50
41569,111,157840,74,37
97540,40,97540,31,9
46852,145,46852,95,50
99943,89,2161240,61,28
54824,34,54824,27,7
23313,113,95956,75,38
43109,150,129328,98,52
66919,117,1715092,78,39
34172,173,129760,112,61
41780,57,41780,41,16
68829,174,206488,113,61
98724,159,187432,104,55
12412,94,59668,63,31
57010,153,96208,100,53
15423,133,351376,87,46
42469,256,497176,163,93
32372,160,32372,104,56
57023,197,2633632,127,70
71230,218,540916,140,78
99072,128,99072,85,43
51197,171,984148,111,60
80355,94,361600,64,30
96775,97,653236,66,31
96411,71,1098196,50,21
26716,95,45088,64,31
27606,152,398032,99,53
99854,203,337012,131,72
31175,85,210436,58,27
9957,42,29872,31,11
76374,81,171844,56,25
69253,55,207760,40,15
61950,60,1587760,43,17
62647,55,422872,40,15
70018,81,105028,56,25
63038,130,478708,86,44
89819,239,682072,153,86
6549,44,19648,32,12
73295,156,742120,102,54
23178,144,34768,94,50
24023,43,162160,32,11
5543,204,250504,130,74
91013,177,984148,115,62
96321,190,288964,123,67
60429,135,181288,89,46
22741,38,68224,29,9
59354,73,95092,51,22
90354,115,549556,77,38
56533,34,169600,27,7
16053,45,48160,33,12
47077,127,141232,84,43
53421,96,160264,65,31
672,12,672,11,1
164,111,9232,71,40
41425,57,124276,41,16
53745,91,161236,62,29
70332,130,178036,86,44
10635,55,47860,39,16
4799,165,138400,106,59
22421,100,67264,67,33
29301,72,87904,50,22
89882,89,134824,61,28
10750,99,275560,66,33
25122,38,37684,29,9
37488,155,37488,101,54
93948,133,601972,88,45
33362,116,190024,77,39
21224,30,21224,24,6
72931,63,328192,45,18
14057,182,144340,117,65
28381,59,85144,42,17
26036,77,26036,53,24
30621,85,91864,58,27
19878,74,44728,51,23
55317,47,165952,35,12
64042,55,96064,40,15
53353,96,405160,65,31
30912,28,30912,23,5
32785,116,98356,77,39
3192,123,9232,80,43
33161,67,188872,47,20
90537,177,6698032,115,62
64642,148,96964,97,51
49724,65,125872,46,19
3632,17,3632,15,2
6173,111,18520,73,38
42081,181,159784,117,64
89098,94,133648,64,30
90354,115,549556,77,38
20282,87,61720,59,28
28672,28,28672,23,5
51432,171,51432,111,60
90901,84,272704,58,26
92962,146,139444,96,50
28603,51,144808,37,14
88790,208,250504,134,74
51400,127,51400,84,43
23473,144,70420,94,50
49231,96,498472,65,31
73617,156,398032,102,54
7100,88,45520,59,29
25432,82,25432,56,26
56493,60,169480,43,17
96723,190,435256,123,67
47685,52,143056,38,14
30112,134,30112,88,46
63937,148,191812,97,51
22615,113,152656,75,38
92261,58,276784,42,16
41992,132,345544,87,45
70477,81,211432,56,25
60921,179,231316,116,63
94295,84,636496,58,26
63531,130,285892,86,44
36225,41,108676,31,10
7789,83,23368,56,27
28083,46,126376,34,12
89571,71,403072,50,21
76817,169,230452,110,59
83589,164,250768,107,57
16532,159,16532,103,56
88341,133,265024,88,45
94440,102,94440,69,33
44858,70,67288,49,21
10143,117,173320,77,40
48356,52,48356,38,14
9867,73,44404,50,23
70068,218,250504,140,78
64028,86,108052,59,27
57907,166,260584,108,58
28139,227,540916,145,82
92602,84,138904,58,26
29957,90,89872,61,29
76296,81,76296,56,25
5440,15,5440,14,1
47242,145,70864,95,50
42534,150,95704,98,52
28271,134,515860,88,46
78816,213,250504,137,76
39280,137,39280,90,47
23889,144,153088,94,50
17631,53,267784,38,15
61064,34,61064,27,7
35145,129,190024,85,44
52162,83,237976,57,26
96719,128,979288,85,43
91075,89,409840,61,28
77361,138,954016,91,47
50980,83,64528,57,26
97662,146,1112452,96,50
6980,150,9232,97,53
26190,77,125872,53,24
42601,101,323512,68,33
59561,272,11003416,173,99
78041,63,263392,45,18
61559,60,415528,43,17
86206,89,654640,61,28
6911,150,1276936,97,53
57714,166,97396,108,58
46858,145,70288,95,50
34965,111,104896,74,37
85668,239,365956,153,86
25228,64,28384,45,19
5979,54,45412,38,16
87528,164,87528,107,57
17154,66,25732,46,20
59766,166,817936,108,58
99085,97,297256,66,31
39072,44,39072,33,11
69520,55,69520,40,15
9504,78,9504,53,25
60704,73,60704,51,22
64380,47,244456,35,12
95458,97,143188,66,31
57867,166,260404,108,58
16906,84,25360,57,27
45839,31,464128,25,6
58280,47,58280,35,12
89490,115,226528,77,38
26807,108,1100608,72,36
45001,62,243304,44,18
22169,193,269728,124,69
70120,81,70120,56,25
38715,75,196000,52,23
54094,91,205396,62,29
55420,91,210436,62,29
49146,158,1276936,103,55
77426,125,130660,83,42
92950,146,209140,96,50
77812,94,599056,64,30
2462,71,12472,48,23
14292,76,14292,52,24
46805,145,140416,95,50
76972,76,86596,53,23
93472,84,93472,58,26
64947,68,292264,48,20
98990,115,334096,77,38
84081,32,252244,26,6
61333,60,184000,43,17
77795,169,350080,110,59
30842,54,46264,39,15
48759,65,329128,46,19
76273,55,228820,40,15
37644,62,42352,44,18
50409,65,382804,46,19
43951,101,445012,68,33
56850,104,875284,70,34
28045,59,84136,42,17
15998,190,182248,122,68
79752,94,79752,64,30
98606,40,332800,31,9
23912,51,23912,37,14
55534,153,187432,100,53
82567,151,557332,99,52
94871,190,640384,123,67
14572,164,18448,106,58
94464,27,94464,23,4
57942,104,223072,70,34
58006,73,130516,51,22
86251,195,491236,126,69
58713,104,198160,70,34
43542,194,97972,125,69
23388,144,39472,94,50
93981,177,338740,115,62
48909,158,146728,103,55
85458,76,1039552,53,23
13058,169,19588,109,60
64029,86,192088,59,27
55732,91,80512,62,29
24859,100,6889048,67,33
48690,70,156004,49,21
44639,145,677968,95,50
91599,208,927448,134,74
46487,114,313792,76,38
20568,56,20568,40,16
29740,46,33460,34,12
57805,47,173416,35,12
3755,61,16900,42,19
27045,90,81136,61,29
67261,68,201784,48,20
66913,161,254068,105,56
8707,140,39184,91,49
8895,70,486952,48,22
18038,40,45664,30,10
83987,89,377944,61,28
81943,182,553120,118,64
51613,127,220480,84,43
29726,72,150496,50,22
5927,72,45016,49,23
9497,52,32056,37,15
56448,34,56448,27,7
29807,116,381976,77,39
88200,164,88200,107,57
41322,57,61984,41,16
65096,161,65096,105,56
22657,87,67972,59,28
55148,60,104704,43,17
91397,32,274192,26,6
49667,114,223504,76,38
82369,120,263896,80,40
38788,137,95956,90,47
62947,148,283264,97,51
21728,69,21728,48,21
95082,53,142624,39,14
68057,81,229696,56,25
3082,35,4624,26,9
34197,67,102592,47,20
36736,49,36736,36,13
80103,120,912436,80,40
79579,120,604312,80,40
25499,82,290464,56,26
76866,76,115300,53,23
31657,222,540916,142,80
67696,42,67696,32,10
37901,62,113704,44,18
84900,226,1276936,145,81
47702,127,107332,84,43
19034,79,28552,54,25
10806,73,155824,50,23
35852,49,40336,36,13
26833,121,103336,80,41
63438,166,846916,108,58
13945,151,79432,98,53
19874,74,29812,51,23
40373,137,121120,90,47
89465,120,1146472,80,40
15380,53,15380,38,15
36752,62,36752,44,18
89823,102,1364200,69,33
5111,59,34504,41,18
54342,39,122272,30,9
12088,94,39364,63,31
23763,100,114208,67,33
82618,58,123928,42,16
9597,73,36448,50,23
18314,110,27472,73,37
66550,55,189520,40,15
23706,38,35560,29,9
67365,68,202096,48,20
73446,63,165256,45,18
78646,107,447928,72,35
2024,112,9232,73,39
59797,104,179392,70,34
80074,169,144340,110,59
92198,177,207448,115,62
64430,47,217456,35,12
61628,60,156004,43,17
33849,111,114244,74,37
37805,155,113416,101,54
15380,53,15380,38,15
59665,73,178996,51,22
27767,152,187432,99,53
68100,161,72736,105,56
36061,93,108184,63,30
94734,177,319732,115,62
69123,55,311056,40,15
16088,45,16088,33,12
48869,39,146608,30,9
23226,144,34840,94,50
95287,102,814048,69,33
6644,137,9232,89,48
93060,115,198772,77,38
36728,173,8153620,112,61
11006,174,225988,112,62
65698,161,98548,105,56
16030,45,81160,33,12
14227,50,64024,36,14
63647,223,62710036,143,80
60604,86,153412,59,27
28732,152,72736,99,53
68927,86,1570264,59,27
5998,49,20248,35,14
55507,114,320488,76,38
78230,76,176020,53,23
49816,96,95956,65,31
42093,181,269728,117,64
62540,135,84544,89,46
66078,68,334528,48,20
21818,131,95956,86,45
37862,62,85192,44,18
13429,89,40288,60,29
43935,57,750688,41,16
10259,148,46168,96,52
57776,73,61720,51,22
81581,89,244744,61,28
94948,76,94948,53,23
5470,160,27700,103,57
28855,196,1404052,126,70
6257,124,18772,81,43
76257,55,434320,40,15
33938,85,85912,58,27
99135,71,2258440,50,21
1652,91,9232,60,31
50289,127,150868,84,43
84731,288,9402640,183,105
25052,113,42280,75,38
27387,183,1998916,118,65
75055,86,759940,59,27
16185,53,54628,38,15
33788,160,433024,104,56
21622,69,54736,48,21
75565,63,226696,45,18
77985,107,800440,72,35
59793,73,179380,51,22
45254,114,101824,76,38
34052,129,34052,85,44
49812,96,95956,65,31
30448,134,30448,88,46
83931,89,637360,61,28
30255,209,1276936,134,75
84046,133,323512,88,45
57419,122,258388,81,41
14473,208,225988,133,75
3472,30,3472,23,7
95805,53,287416,39,14
8330,127,12496,83,44
34866,111,59668,74,37
46851,176,210832,114,62
54221,91,162664,62,29
93809,40,281428,31,9
6398,168,138400,108,60
97910,66,247840,47,19
35526,186,250504,120,66
53073,78,159220,54,24
90107,164,577348,107,57
83821,89,251464,61,28
84531,63,380392,45,18
23285,144,69856,94,50
61331,148,275992,97,51
83370,107,125056,72,35
25123,38,113056,29,9
70554,81,105832,56,25
81907,257,368584,164,93
94789,102,284368,69,33
62813,86,188440,59,27
8000,114,9232,75,39
22437,113,345544,75,38
42964,101,42964,68,33
2097,63,6292,43,20
25280,82,25280,56,26
26202,139,39304,91,48
19716,43,19716,32,11
29310,103,333880,69,34
15079,102,1100608,68,34
56615,109,429928,73,36
5106,178,1276936,114,64
94849,102,405160,69,33
2840,35,2840,26,9
68921,174,662416,113,61
43620,70,43620,49,21
42822,49,96352,36,13
13494,182,57652,117,65
17070,128,57616,84,44
7532,88,14308,59,29
37052,142,93796,93,49
7737,176,26116,113,63
7711,132,117124,86,46
67156,68,67156,48,20
13976,151,13976,98,53
62425,148,210688,97,51
45604,83,219184,57,26
23253,51,69760,37,14
80798,50,409048,37,13
1432,34,1432,25,9
74604,94,201688,64,30
37482,62,56224,44,18
92574,138,468664,91,47
9558,78,21508,53,25
74972,187,144340,121,66
163,23,736,17,6
34743,142,234520,93,49
19676,105,95956,70,35
73998,156,249748,102,54
17016,79,21544,54,25
50058,127,75088,84,43
32592,54,32592,39,15
93584,146,93584,96,50
9834,42,14752,31,11
7897,39,26656,29,10
32973,67,98920,47,20
49734,114,111904,76,38
41801,106,211624,71,35
96045,84,288136,58,26
5348,46,8584,33,13
59064,73,59064,51,22
95851,208,3786424,134,74
2644,115,9232,75,40
40786,88,392020,60,28
18682,92,95956,62,30
50027,65,225124,46,19
15893,97,47680,65,32
47300,83,95956,57,26
17074,172,28816,111,61
30683,33,233008,26,7
97799,128,952864,85,43
96895,102,3725008,69,33
14290,195,695464,125,70
7928,101,15064,67,34
48331,189,217492,122,67
66708,161,66708,105,56
77455,76,784240,53,23
65429,68,196288,48,20
50602,83,75904,57,26
77466,107,176740,72,35
2540,32,3220,24,8
22670,87,76516,59,28
70969,112,511576,75,37
20645,118,61936,78,40
18746,154,28120,100,54
28229,59,84688,42,17
34522,129,51784,85,44
97240,190,97240,123,67
26929,90,80788,61,29
18323,154,82456,100,54
57715,166,259720,108,58
87897,102,296656,69,33
62293,104,186880,70,34
29056,20,29056,18,2
42892,75,48256,52,23
81913,182,393640,118,64
6589,137,19768,89,48
90537,177,6698032,115,62
6305,62,26944,43,19
7346,163,12400,105,58
29301,72,87904,50,22
24260,25,24260,21,4
91007,84,3109912,58,26
88554,102,132832,69,33
15353,115,560356,76,39
33366,90,202984,61,29
19447,105,131272,70,35
2337,58,7012,40,18
62033,179,186100,116,63
75416,156,75416,102,54
97853,159,293560,104,55
98877,159,400948,104,55
7522,39,11284,29,10
71708,94,121012,64,30
23482,144,35224,94,50
18475,154,83140,100,54
46761,70,1797712,49,21
55719,65,423124,46,19
44630,44,100420,33,11
45233,114,135700,76,38
86545,120,259636,80,40
67170,68,100756,48,20
50670,57,171016,41,16
78022,125,175552,83,42
69185,174,207556,113,61
47946,83,71920,57,26
13141,32,39424,25,7
83458,151,125188,99,52
14358,120,32308,79,41
68674,68,103012,48,20
65634,99,98452,67,32
76944,50,76944,37,13
96112,45,96112,34,11
78259,182,352168,118,64
12925,169,209680,109,60
69287,236,1216456,151,85
93270,115,209860,77,38
74072,50,74072,37,13
57327,197,979504,127,70
90024,177,250504,115,62
30652,90,314656,61,29
70203,143,355408,94,49
48778,39,73168,30,9
16995,128,76480,84,44
67264,99,67264,67,32
59635,166,268360,108,58
10801,161,32404,104,57
37824,62,37824,44,18
63879,192,431188,124,68
18709,61,56128,43,18
12820,63,12820,44,19
74906,50,112360,37,13
63871,223,2182624,143,80
9284,34,9284,26,8
30574,72,103192,50,22
78708,107,95956,72,35
30934,85,111508,58,27
5775,129,58480,84,45
72056,81,91204,56,25
10984,130,10984,85,45
96469,27,289408,23,4
96335,190,975400,123,67
18134,48,40804,35,13
14940,40,25216,30,10
782,121,9232,78,43
56701,60,215296,43,17
27625,64,796552,45,19
6824,18,6824,16,2
18490,154,27736,100,54
39962,93,59944,63,30
29119,227,1119472,145,82
81817,63,276136,45,18
22264,118,42280,78,40
13566,182,260800,117,65
20355,35,91600,27,8
42952,75,42952,52,23
91180,58,102580,42,16
23649,51,89800,37,14
50730,83,76096,57,26
41972,106,59776,71,35
18659,123,83968,81,42
21254,56,47824,40,16
64167,161,925072,105,56
48564,158,48564,103,55
26391,245,481624,156,89
88665,120,299248,80,40
51579,78,261124,54,24
79026,125,133360,83,42
32659,191,146968,123,68
6853,31,20560,24,7
94987,128,770308,85,43
2552,58,9232,40,18
71948,81,80944,56,25
61002,86,91504,59,27
49160,52,49160,38,14
51708,83,496996,57,26
33244,67,56104,47,20
21801,149,248344,97,52
75940,55,243304,40,15
57829,166,173488,108,58
7240,70,7240,48,22
6711,93,86020,62,31
21385,100,208384,67,33
21039,224,269620,143,81
40847,88,413584,60,28
87984,71,87984,50,21
67822,86,228904,59,27
37992,80,37992,55,25
79058,125,300184,83,42
6972,181,190996,116,65
29140,46,29140,34,12
85446,151,192256,99,52
77068,50,86704,37,13
80258,94,120388,64,30
84743,107,572020,72,35
37712,124,37712,82,42
6531,137,29392,89,48
11117,161,33352,104,57
65795,99,675376,67,32
283,60,9232,40,20
79474,50,134116,37,13
1899,68,8548,46,22
4136,126,9232,82,44
6630,75,14920,51,24
85121,226,552904,145,81
89088,40,89088,31,9
65032,42,65032,32,10
33381,116,100144,77,39
17072,66,17072,46,20
20075,92,90340,62,30
90725,89,272176,61,28
67844,112,67844,75,37
39902,212,984148,136,76
11206,37,25216,28,9
55662,60,187864,43,17
5907,124,345544,81,43
2592,27,2592,21,6
62988,148,70864,97,51
63371,179,1951288,116,63
80686,213,6810136,137,76
54401,78,174292,54,24
25151,157,572992,102,55
31853,253,497176,161,92
42871,194,289384,125,69
52757,127,158272,84,43
56482,153,84724,100,53
1284,26,1284,20,6
33692,67,95956,47,20
1126,44,2536,31,13
67066,161,190996,105,56
26171,170,132496,110,60
8439,158,56968,102,56
20096,43,20096,32,11
16155,102,1048120,68,34
8005,52,24016,37,15
9753,122,32920,80,42
55427,153,249424,100,53
26820,46,26820,34,12
92052,133,92052,88,45
24218,69,36328,48,21
88709,208,266128,134,74
32995,129,148480,85,44
15037,89,45112,60,29
77276,169,130408,110,59
97757,40,293272,31,9
49417,145,250180,95,50
9588,122,9588,80,42
95666,53,161440,39,14
646,100,9232,65,35
30931,209,190996,134,75
81836,76,196648,53,23
30091,46,135412,34,12
87490,226,539440,145,81
52143,78,527956,54,24
26476,139,50272,91,48
18889,61,95632,43,18
43733,44,131200,33,11
81624,182,81624,118,64
46306,52,69460,38,14
46038,70,295000,49,21
9347,60,42064,42,18
588,118,9232,76,42
12764,76,21544,52,24
59166,60,299536,43,17
69616,81,223072,56,25
36117,41,108352,31,10
85752,195,695464,126,69
91354,84,208384,58,26
90302,115,685744,77,38
95649,53,286948,39,14
25557,126,76672,83,43
59043,135,359152,89,46
18100,40,18100,30,10
45097,207,2194288,133,74
71987,187,323944,121,66
13231,138,133972,90,48
29010,134,954016,88,46
70970,81,106456,56,25
33867,85,152404,58,27
84247,81,568672,56,25
76976,50,76976,37,13
41856,150,41856,98,52
81558,37,183508,29,8
6417,62,19252,43,19
72517,125,217552,83,42
55916,91,179152,62,29
18059,185,81268,119,66
76638,81,387988,56,25
40719,36,412288,28,8
32603,191,313360,123,68
74659,138,345544,91,47
78113,50,234340,37,13
58068,60,58068,43,17
27517,152,104488,99,53
87970,102,131956,69,33
1090,44,1636,31,13
37347,36,168064,28,8
74664,37,74664,29,8
10488,104,19924,69,35
156,36,304,25,11
67495,192,5918020,124,68
76230,81,171520,56,25
38548,124,38548,82,42
28796,165,138400,107,58
55297,91,165892,62,29
21448,48,21448,35,13
36599,155,247048,101,54
41815,150,282256,98,52
90752,40,90752,31,9
75331,138,338992,91,47
98746,265,975400,169,96
87961,71,296872,50,21
63279,179,640708,116,63
55078,60,123928,43,17
71907,50,323584,37,13
9529,104,61072,69,35
93813,133,281440,88,45
50101,114,150304,76,38
8180,65,39364,45,20
48782,65,208384,46,19
55268,122,95956,81,41
82380,58,92680,42,16
23953,188,138400,121,67
53799,215,6810136,138,77
98697,190,562120,123,67
50940,96,489616,65,31
29517,103,95956,69,34
56527,91,572344,62,29
10450,86,80512,58,28
50291,114,305908,76,38
86662,102,194992,69,33
72955,125,1331152,83,42
22747,82,172744,56,26
67991,86,458944,59,27
58811,78,297736,54,24
83298,151,124948,99,52
15224,133,21688,87,46
72238,187,243808,121,66
2598,146,9232,94,52
65678,86,399472,59,27
2660,53,2660,37,16
86517,71,259552,50,21
74568,63,74568,45,18
15038,89,114208,60,29
46739,52,210328,38,14
71679,249,12400288,159,90
12110,94,118096,63,31
22011,74,125368,51,23
8788,96,9232,64,32
8473,57,28600,40,17
23384,144,23384,94,50
61710,148,208276,97,51
69786,143,104680,94,49
34519,28,233008,23,5
53910,184,138400,119,65
18352,61,18352,43,18
69625,205,297412,132,73
53331,70,324376,49,21
15283,32,68776,25,7
84867,151,381904,99,52
21779,162,98008,105,57
24265,126,897856,83,43
59676,117,121012,78,39
5076,41,5076,30,11
75949,156,227848,102,54
48455,96,620944,65,31
28366,152,817936,99,53
72767,81,1657744,56,25
48201,189,742120,122,67
11003,73,237976,50,23
13948,133,67048,87,46
79223,151,542104,99,52
94841,190,540160,123,67
78611,107,353752,72,35
52143,78,527956,54,24
56308,83,202984,57,26
4494,77,15172,52,25
50086,65,112696,46,19
34229,80,102688,55,25
79677,76,239032,53,23
51876,96,747952,65,31
31656,54,31656,39,15
43473,163,130420,106,57
49438,158,400948,103,55
49417,145,250180,95,50
59712,91,59712,62,29
6817,137,32776,89,48
77176,125,97684,83,42
64308,29,64308,24,5
46734,70,199636,49,21
95029,146,285088,96,50
11241,99,324160,66,33
98235,53,497320,39,14
92494,164,592648,107,57
98345,128,1120228,85,43
71364,143,71364,94,49
32763,160,359152,104,56
8260,127,9232,83,44
50140,65,84616,46,19
14850,133,22276,87,46
81769,89,620944,61,28
89710,71,302776,50,21
54870,91,123460,62,29
63096,179,575728,116,63
70911,81,3634792,56,25
86711,102,585304,69,33
23568,100,23568,67,33
35293,49,105880,36,13
74814,112,568132,75,37
97137,159,291412,104,55
51632,109,176740,73,36
9886,135,50056,88,47
59660,73,67120,51,22
54307,47,244384,35,12
66315,99,298420,67,32
65088,161,65088,105,56
29166,165,98440,107,58
58930,73,125872,51,22
67029,130,201088,86,44
95999,102,5535844,69,33
49813,96,149440,65,31
50501,96,151504,65,31
79152,125,79152,83,42
58644,47,58644,35,12
44901,39,134704,30,9
42947,49,193264,36,13
7852,83,9448,56,27
16289,40,48868,30,10
72693,187,1276936,121,66
67581,205,2633632,132,73
7369,44,37312,32,12
85437,50,256312,37,13
96137,71,547540,50,21
46404,83,74356,57,26
91171,71,410272,50,21
9169,153,27508,99,54
86498,164,129748,107,57
49880,189,269728,122,67
59872,135,59872,89,46
89389,133,268168,88,45
98647,159,665872,104,55
32175,98,325780,66,32
99752,66,99752,47,19
92492,71,166696,50,21
6582,137,25000,89,48
71854,50,242512,37,13
64047,223,1404052,143,80
49679,140,503008,92,48
26650,183,250504,118,65
88669,71,266008,50,21
82326,120,281716,80,40
14568,45,14568,33,12
80405,120,241216,80,40
89907,164,404584,107,57
96020,53,96020,39,14
61945,179,235204,116,63
78003,50,351016,37,13
28804,165,28804,107,58
18231,154,123064,100,54
17863,97,120580,65,32
43356,44,73168,33,11
31260,134,52756,88,46
99076,97,99076,66,31
87446,58,196756,42,16
30796,134,34648,88,46
8771,140,39472,91,49
11094,55,24964,39,16
46572,57,58948,41,16
194,119,9232,76,43
17570,141,26356,92,49
11191,130,75544,85,45
62825,86,477088,59,27
42753,150,128260,98,52
32328,147,65608,96,51
42071,31,283984,25,6
85926,151,412936,99,52
40198,137,90448,90,47
2262,37,5092,27,10
93906,84,356560,58,26
26513,77,79540,53,24
6717,88,20152,59,29
86796,164,97648,107,57
28934,165,65104,107,58
4379,214,250504,136,78
40584,36,40584,28,8
85372,89,324160,61,28
29034,59,43552,42,17
24001,144,72004,94,50
75869,55,227608,40,15
42605,101,345544,68,33
68337,68,205012,48,20
95075,53,427840,39,14
95656,53,95656,39,14
73870,81,599056,56,25
5411,41,24352,30,11
83376,138,84544,91,47
56045,153,168136,100,53
63316,55,63316,40,15
96056,71,153880,50,21
71345,50,214036,37,13
6797,62,20392,43,19
86717,76,260152,53,23
54246,91,122056,62,29
43057,101,129172,68,33
17710,97,59776,65,32
58558,153,444688,100,53
17544,141,17544,92,49
37419,62,168388,44,18
94612,84,95956,58,26
96039,102,5914132,69,33
16725,35,50176,27,8
3829,56,11488,39,17
17088,27,17088,22,5
12606,156,817936,101,55
31338,54,47008,39,15
5483,116,24676,76,40
65334,68,372112,48,20
92542,164,1054132,107,57
88297,120,670516,80,40
50953,202,2789152,130,72
5464,41,5464,30,11
70449,50,211348,37,13
4649,134,67048,87,47
33624,67,33624,47,20
59157,42,177472,32,10
35635,98,160360,66,32
44603,163,225808,106,57
49335,145,1200256,95,50
68649,174,781972,113,61
22055,100,167488,67,33
70029,81,210088,56,25
22208,131,22208,86,45
80651,138,362932,91,47
99822,97,455380,66,31
81555,76,367000,53,23
21387,162,250504,105,57
83277,89,675376,61,28
59519,122,2033908,81,41
52782,246,481624,157,89
52781,246,481624,157,89
61441,60,184324,43,17
44200,132,44200,87,45
61036,86,173824,59,27
8211,158,36952,102,56
44364,57,94768,41,16
78280,200,190996,129,71
60349,210,386692,135,75
55285,60,165856,43,17
72125,94,216376,64,30
68848,112,176740,75,37
22433,69,67300,48,21
64090,55,96136,40,15
55399,114,946564,76,38
99292,97,167560,66,31
3322,136,9232,88,48
81349,37,244048,29,8
37384,62,37384,44,18
78683,151,597508,99,52
79191,125,534544,83,42
52894,52,267784,38,14
35821,98,107464,66,32
66263,99,447280,67,32
3761,38,11284,28,10
22191,118,224692,78,40
67412,86,67412,59,27
23378,82,199744,56,26
46738,52,118312,38,14
69570,187,1355668,121,66
38212,106,103336,71,35
82910,182,1195288,118,64
3745,162,21688,104,58
24996,157,47464,102,55
16978,66,96712,46,20
97939,66,440728,47,19
34543,111,885328,74,37
10652,86,45520,58,28
99240,159,99240,104,55
78932,138,78932,91,47
95345,53,286036,39,14
16716,66,23812,46,20
44410,70,66616,49,21
24307,157,109384,102,55
19087,53,193264,38,15
14377,151,163780,98,53
61351,86,465892,59,27
71426,125,217240,83,42
36637,199,225988,128,71
86121,76,653992,53,23
51650,78,330964,54,24
34611,54,155752,39,15
10059,135,45268,88,47
74638,94,251908,64,30
78034,63,296296,45,18
70195,205,315880,132,73
76918,169,194704,110,59
64201,192,325024,124,68
46620,52,78676,38,14
17155,66,77200,46,20
19540,43,19540,32,11
60059,65,1154464,46,19
62069,148,186208,97,51
77314,76,115972,53,23
99933,66,299800,47,19
30374,178,129760,115,63
33155,116,149200,77,39
6032,67,9232,46,21
93534,221,473524,142,79
71976,50,71976,37,13
22786,131,34180,86,45
78929,99,236788,67,32
28670,196,2480056,126,70
94476,115,106288,77,38
2283,58,13012,40,18
34625,142,103876,93,49
48439,220,497176,141,79
89901,164,269704,107,57
67535,161,683800,105,56
31706,54,47560,39,15
38245,80,114736,55,25
74965,63,224896,45,18
37438,85,284308,58,27
77873,169,233620,110,59
74879,86,2558788,59,27
72983,63,492640,45,18
50584,158,50584,103,55
38393,75,145780,52,23
7462,70,16792,48,22
10517,55,31552,39,16
79286,99,1928932,67,32
17515,203,269728,130,73
36269,49,108808,36,13
90487,63,610792,45,18
36789,155,110368,101,54
75750,63,170440,45,18
61050,179,91576,116,63
62494,254,975400,162,92
36028,80,91204,55,25
93548,84,177604,58,26
42850,31,64276,25,6
17859,97,85840,65,32
84163,182,378736,118,64
79004,169,149992,110,59
52396,52,58948,38,14
39759,168,402568,109,59
54313,140,618676,92,48
68671,112,1564432,75,37
82280,58,82280,42,16
15435,53,69460,38,15
64048,55,64048,40,15
47776,26,47776,22,4
75770,156,485512,102,54
66678,68,168784,48,20
83556,63,83556,45,18
85921,195,257764,126,69
45735,119,390724,79,40
88504,45,88504,34,11
40604,150,250504,98,52
76709,200,230128,129,71
81927,182,553012,118,64
68804,68,68804,48,20
39333,49,118000,36,13
91704,71,91704,50,21
21313,56,63940,40,16
93377,84,280132,58,26
84527,133,1083184,88,45
44180,132,44180,87,45
71443,73,514996,51,22
40380,150,560356,98,52
17298,53,43792,38,15
2012,68,9232,46,22
44015,101,752056,68,33
11739,50,89152,36,14
94334,84,1074544,58,26
47499,75,213748,52,23
11121,130,33364,85,45
8768,96,9232,64,32
22853,175,68560,113,62
79240,45,79240,34,11
930,36,1396,26,10
77488,169,77488,110,59
91576,177,91576,115,62
95041,146,285124,96,50
17439,154,3818500,100,54
48516,127,560356,84,43
5745,36,17236,27,9
83821,89,251464,61,28
42418,101,71584,68,33
7070,150,35800,97,53
42360,150,53620,98,52
19800,74,23812,51,23
98747,120,499912,80,40
93763,133,421936,88,45
70189,205,210568,132,73
89860,133,89860,88,45
7598,70,25648,48,22
47094,57,134116,41,16
37227,111,167524,74,37
72128,143,72128,94,49
91370,133,137056,88,45
77363,138,954016,91,47
26418,46,44584,34,12
18694,61,42064,43,18
79675,76,403360,53,23
53162,140,79744,92,48
2170,45,3256,32,13
84093,58,319300,42,16
22053,100,66160,67,33
71850,50,107776,37,13
73852,63,280420,45,18
8037,26,24112,21,5
31779,54,143008,39,15
27735,152,187216,99,53
23174,56,52144,40,16
30404,33,30404,26,7
66322,68,188872,48,20
71676,249,1377808,159,90
6345,80,32128,54,26
18801,123,56404,81,42
25373,56,76120,40,16
61517,60,184552,43,17
20539,149,103984,97,52
63919,192,984148,124,68
14974,71,170584,49,22
71156,187,250504,121,66
59501,166,254176,108,58
36576,36,36576,28,8
42262,57,95092,41,16
27717,152,83152,99,53
3237,48,9712,34,14
15849,58,135412,41,17
2353,32,7060,24,8
1933,24,5800,19,5
76450,200,2092552,129,71
8557,78,61720,53,25
86837,164,260512,107,57
5499,67,27844,46,21
76119,55,513808,40,15
50099,114,225448,76,38
64387,47,289744,35,12
9570,73,14356,50,23
56883,197,255976,127,70
70394,104,133648,70,34
341,11,1024,10,1
43950,101,148336,68,33
82303,143,2812480,94,49
62444,109,320488,73,36
91669,32,275008,26,6
74028,37,83284,29,8
139,41,628,28,13
359,50,9232,34,16
75251,112,338632,75,37
85377,89,256132,61,28
99932,66,168640,47,19
30655,147,785680,96,51
25880,51,25880,37,14
81533,200,8153620,129,71
55779,184,251008,119,65
37773,124,113320,82,42
58479,197,749392,127,70
64354,47,96532,35,12
26763,157,846916,102,55
13284,107,45520,71,36
63923,86,287656,59,27
39421,98,959092,66,32
55569,47,166708,35,12
85091,58,382912,42,16
20220,87,145780,59,28
57170,78,1564756,54,24
74966,86,486952,59,27
46841,176,177856,114,62
44696,114,44696,76,38
84755,133,381400,88,45
77989,169,233968,110,59
58343,166,664576,108,58
18952,123,18952,81,42
1308,145,9232,93,52
80389,94,241168,64,30
90769,164,272308,107,57
35429,111,106288,74,37
92022,190,1702276,123,67
75775,231,14747488,148,83
38976,137,38976,90,47
1141,106,9232,69,37
24843,157,111796,102,55
26422,77,150496,53,24
1709,55,5128,38,17
3631,100,176740,66,34
19596,136,22048,89,47
76022,156,192436,102,54
28309,59,84928,42,17
44790,75,113380,52,23
55691,184,338740,119,65
26087,82,297160,56,26
16860,159,28456,103,56
7685,145,23056,94,51
91089,133,273268,88,45
1208,18,1208,15,3
46100,39,46100,30,9
67497,112,6568288,75,37
66094,68,223072,48,20
29690,240,481624,153,87
48652,65,54736,46,19
13894,107,31264,71,36
97809,159,293428,104,55
66419,42,298888,32,10
60012,91,547540,62,29
38636,168,48904,109,59
56116,60,56116,43,17
95072,53,95072,39,14
78406,107,176416,72,35
72703,156,45329920,102,54
78519,169,530008,110,59
72806,125,897856,83,42
58955,47,265300,35,12
28065,183,84196,118,65
79064,169,126664,110,59
2455,133,16576,86,47
20879,87,211408,59,28
51099,158,621592,103,55
62155,60,279700,43,17
12992,45,12992,33,12
68345,205,374596,132,73
36594,62,156328,44,18
36305,67,108916,47,20
30387,72,136744,50,22
55221,60,165664,43,17
69339,205,2134996,132,73
94290,84,537028,58,26
21084,56,35584,40,16
18355,110,82600,73,37
22191,118,224692,78,40
6143,155,1276936,100,55
28399,165,3934960,107,58
51972,140,51972,92,48
41863,181,282580,117,64
98669,146,1200256,96,50
53411,70,240352,49,21
19504,136,19504,89,47
48457,158,245320,103,55
82036,151,82036,99,52
8017,145,24052,94,51
2385,102,39364,67,35
62321,86,186964,59,27
15073,89,128788,60,29
80019,94,547540,64,30
40511,173,1052512,112,61
48934,127,110104,84,43
21827,131,98224,86,45
68027,99,1047328,67,32
25519,126,258388,83,43
24046,43,81160,32,11
50877,83,152632,57,26
92447,177,1404052,115,62
90103,164,608200,107,57
51920,140,51920,92,48
99442,190,238948,123,67
27104,38,27104,29,9
36189,93,108568,63,30
5846,142,13156,92,50
86699,164,390148,107,57
36675,36,165040,28,8
19338,22,29008,19,3
22314,131,33472,86,45
26944,46,26944,34,12
77950,169,887920,110,59
277,16,832,13,3
51152,78,51152,54,24
17612,141,19816,92,49
11945,249,497176,158,91
52888,52,52888,38,14
81443,89,366496,61,28
49848,65,49848,46,19
58654,153,634228,100,53
86073,195,1276936,126,69
56623,197,2942080,127,70
27811,90,125152,61,29
77843,107,350296,72,35
10504,29,10504,23,6
84762,102,127144,69,33
36977,36,110932,28,8
11591,86,237976,58,28
10887,117,73492,77,40
12867,63,57904,44,19
66625,68,199876,48,20
68900,81,87208,56,25
32793,54,110680,39,15
9765,73,29296,50,23
86157,120,258472,80,40
42728,150,42728,98,52
78472,169,78472,110,59
8069,70,24208,48,22
7296,39,7296,29,10
41161,57,208384,41,16
11391,205,1108564,131,74
20132,92,86020,62,30
94755,190,426400,123,67
75970,107,144232,72,35
15039,270,9635920,171,99
52328,47,52328,35,12
93719,133,632608,88,45
77065,169,390148,110,59
21282,56,31924,40,16
54190,184,182896,119,65
48512,65,48512,46,19
8606,109,176740,72,37
1382,127,9232,82,45
66635,68,299860,48,20
19811,43,89152,32,11
24323,64,109456,45,19
41870,62,141316,44,18
32956,160,400948,104,56
61389,60,184168,43,17
10208,60,10208,42,18
87330,133,130996,88,45
67629,60,202888,43,17
28221,59,84664,42,17
84051,133,478708,88,45
74086,50,166696,37,13
22032,162,22032,105,57
70722,81,106084,56,25
80808,45,80808,34,11
71313,55,213940,40,15
59767,166,817936,108,58
12450,37,18676,28,9
89834,133,134752,88,45
56700,60,215296,43,17
81254,182,182824,118,64
46093,176,138280,114,62
63672,99,63672,67,32
10351,117,283336,77,40
96159,97,1642984,66,31
68488,29,68488,24,5
17623,53,118960,38,15
70264,174,88936,113,61
53118,78,680704,54,24
58395,241,3788368,154,87
23783,219,270916,140,79
28455,90,216088,61,29
67905,112,203716,75,37
15593,84,118420,57,27
22174,206,250504,132,74
33205,98,99616,66,32
35597,72,106792,50,22
34325,80,102976,55,25
61203,73,275416,51,22
89401,239,62710036,153,86
30751,103,467044,69,34
76113,200,365776,129,71
16567,97,179152,65,32
7191,70,48544,48,22
88608,71,88608,50,21
38334,137,560356,90,47
80906,138,121360,91,47
89572,164,191320,107,57
1590,104,39364,68,36
25236,95,45520,64,31
160,10,160,9,1
12146,63,20500,44,19
80910,182,273076,118,64
31922,98,53872,66,32
16238,66,54808,46,20
8245,127,24736,83,44
14744,133,14744,87,46
97103,190,983176,123,67
46102,176,103732,114,62
84228,45,84228,34,11
99533,141,345544,93,48
56379,228,695464,146,82
71127,99,547540,67,32
56072,184,575728,119,65
71122,81,270052,56,25
74764,187,575728,121,66
93815,133,633256,88,45
12238,63,69712,44,19
15650,146,23476,95,51
37714,62,322216,44,18
73464,174,8153620,113,61
45410,44,68116,33,11
48767,83,4745608,57,26
46155,145,207700,95,50
7017,194,250504,124,70
79564,76,89512,53,23
48689,70,156004,49,21
89679,115,908008,77,38
54239,184,823768,119,65
58609,73,175828,51,22
89082,239,481624,153,86
31898,54,47848,39,15
50962,109,183688,73,36
68704,29,68704,24,5
44758,114,121012,76,38
26918,139,60568,91,48
22737,131,599056,86,45
27991,121,188944,80,41
62552,42,62552,32,10
58162,73,98152,51,22
79624,76,85048,53,23
22441,113,647080,75,38
35206,80,79216,55,25
80812,138,115072,91,47
55104,109,55104,73,36
70813,81,212440,56,25
41628,111,320488,74,37
19009,123,57028,81,42
71275,218,975400,140,78
32403,67,145816,47,20
53385,70,1154464,49,21
5794,142,9232,92,50
5572,36,5572,27,9
96868,102,314656,69,33
16210,71,155824,49,22
90931,177,409192,115,62
43149,70,129448,49,21
91219,164,986308,107,57
2225,138,9232,89,49
48696,158,48696,103,55
32442,160,48664,104,56
39130,181,225988,117,64
62369,86,187108,59,27
92123,71,699568,50,21
44761,132,151072,87,45
23479,51,158488,37,14
71855,218,776932,140,78
94231,84,636064,58,26
85717,32,257152,26,6
12181,37,36544,28,9
98539,120,561220,80,40
15373,146,46120,95,51
29797,116,89392,77,39
58273,60,174820,43,17
89964,71,170800,50,21
98827,146,444724,96,50
93636,146,93636,96,50
54041,65,230848,46,19
75358,156,381508,102,54
71369,161,846916,105,56
78357,169,235072,110,59
16212,115,16212,76,39
5843,80,26296,54,26
63116,104,71008,70,34
66853,68,200560,48,20
45969,145,137908,95,50
17509,79,52528,54,25
22006,74,237976,51,23
54576,140,65608,92,48
80743,169,3104080,110,59
18972,61,32020,43,18
25600,33,25600,26,7
87593,239,3788368,153,86
66915,68,301120,48,20
67056,112,67056,75,37
87698,195,221992,126,69
5356,28,6784,22,6
54121,78,410992,54,24
74620,94,283336,64,30
38343,137,897856,90,47
85993,195,1101976,126,69
78861,63,236584,45,18
2258,37,8584,27,10
27365,59,82096,42,17
24973,64,74920,45,19
26655,77,404836,53,24
80770,169,163780,110,59
81424,89,81424,61,28
29321,103,250504,69,34
20809,149,105352,97,52
52390,127,149200,84,43
95691,146,430612,96,50
34774,85,237976,58,27
51169,202,2523796,130,72
27748,183,33352,118,65
76397,138,367144,91,47
83693,133,251080,88,45
57506,34,86260,27,7
85897,89,489220,61,28
18136,92,39364,62,30
90888,84,90888,58,26
96036,84,121552,58,26
47378,83,455380,57,26
23555,82,106000,56,26
62492,254,975400,162,92
55622,91,125152,62,29
58284,60,82996,43,17
85141,58,255424,42,16
16924,40,28564,30,10
47592,101,47592,68,33
62262,135,354616,89,46
54337,39,163012,30,9
74084,50,74084,37,13
60949,179,182848,116,63
33003,72,187972,50,22
80099,32,360448,26,6
73017,218,1579012,140,78
26673,69,80020,48,21
4214,157,21688,101,56
10294,117,250504,77,40
99978,159,149968,104,55
55861,153,167584,100,53
62508,135,70324,89,46
57135,104,578500,70,34
2101,32,6304,24,8
61998,179,209248,116,63
28173,108,84520,72,36
20133,92,86020,62,30
18200,22,18200,19,3
36610,62,54916,44,18
42966,101,392020,68,33
8017,145,24052,94,51
39780,75,39780,52,23
31882,54,47824,39,15
82595,120,371680,80,40
24473,113,82600,75,38
51814,171,116584,111,60
36022,67,153880,47,20
54132,140,54132,92,48
24088,43,24088,32,11
12829,50,38488,36,14
61611,135,277252,89,46
96665,190,326248,123,67
1402,83,9232,55,28
85180,102,215620,69,33
15194,71,22792,49,22
92390,58,207880,42,16
44865,101,134596,68,33
20308,43,20308,32,11
19612,105,59668,70,35
43792,44,43792,33,11
11951,94,121012,63,31
76241,107,228724,72,35
77404,76,130624,53,23
2746,128,9232,83,45
55244,122,95956,81,41
3867,82,223072,55,27
32246,191,137752,123,68
44725,70,134176,49,21
71355,218,695464,140,78
51375,96,4745608,65,31
30117,64,90352,45,19
81030,76,182320,53,23
93575,146,631636,96,50
20448,136,41524,89,47
30432,33,30432,26,7
17909,92,53728,62,30
29337,72,99016,50,22
40993,62,122980,44,18
55351,140,531988,92,48
69562,187,225988,121,66
51956,52,51956,38,14
61241,86,206692,59,27
20094,92,228904,62,30
6156,36,6928,27,9
46608,114,95956,76,38
33488,129,33488,85,44
55669,60,167008,43,17
20964,87,85048,59,28
50125,88,150376,60,28
52871,78,356884,54,24
56548,109,86020,73,36
64111,179,2079592,116,63
53555,70,241000,49,21
20937,87,106000,59,28
4427,95,19924,63,32
88840,195,144340,126,69
27607,152,398032,99,53
47833,52,161440,38,14
28152,82,202984,56,26
79304,50,79304,37,13
11309,112,39364,74,38
62523,86,316528,59,27
45672,31,45672,25,6
90307,208,406384,134,74
94109,84,282328,58,26
2205,45,6616,32,13
92770,208,190996,134,74
87266,71,130900,50,21
31132,85,133000,58,27
52429,140,157288,92,48
33871,41,342952,31,10
49068,127,283336,84,43
58586,166,400948,108,58
21608,118,21608,78,40
24969,51,142216,37,14
98935,159,667816,104,55
11909,143,35728,93,50
26424,77,37636,53,24
74708,37,74708,29,8
78258,182,225988,118,64
61216,86,61216,59,27
55836,109,94228,73,36
49430,119,111220,79,40
82153,138,623860,91,47
38459,168,194704,109,59
46170,145,69256,95,50
7660,176,1276936,113,63
60615,210,409156,135,75
77241,107,260692,72,35
32794,160,49192,104,56
46474,52,69712,38,14
96763,97,551104,66,31
89389,133,268168,88,45
97619,151,3166504,99,52
88331,164,397492,107,57
55752,60,55752,43,17
78916,76,78916,53,23
54255,122,927016,81,41
7007,88,106432,59,29
74219,169,2407480,110,59
65345,68,196036,48,20
33841,85,101524,58,27
32431,72,328372,50,22
23092,51,23092,37,14
32984,98,70468,66,32
23990,188,91096,121,67
75452,156,190996,102,54
18991,92,243376,62,30
90271,115,5205544,77,38
80361,76,686536,53,23
36082,142,102760,93,49
11034,130,16552,85,45
16242,40,27412,30,10
5940,49,5940,35,14
47563,52,214036,38,14
35064,80,66580,55,25
76722,169,129472,110,59
27046,90,61720,61,29
44770,70,67156,49,21
47119,83,477088,57,26
84704,58,84704,42,16
21626,162,32440,105,57
27077,46,81232,34,12
64806,68,145816,48,20
44606,163,338740,106,57
84566,58,190276,42,16
88510,120,672136,80,40
39122,80,237976,55,25
65102,73,247192,51,22
31434,103,47152,69,34
43310,44,146176,33,11
67469,86,202408,59,27
44255,119,672136,79,40
67294,205,383272,132,73
96259,146,433168,96,50
37854,199,363832,128,71
38406,168,86416,109,59
66653,161,199960,105,56
43528,57,43528,41,16
77228,169,86884,110,59
493,48,1480,33,15
93419,84,897856,58,26
8812,52,25108,37,15
93345,283,1345732,180,103
24273,188,83104,121,67
93936,84,150496,58,26
72011,143,324052,94,49
92493,71,277480,50,21
47154,145,79576,95,50
54111,176,821824,114,62
13980,58,26548,41,17
28329,152,1089124,99,53
12868,76,12868,52,24
59235,135,266560,89,46
25852,170,209680,110,60
31280,103,31280,69,34
96064,53,96064,39,14
73403,156,371608,102,54
15450,146,23176,95,51
76222,143,846916,94,49
89081,71,856168,50,21
5452,67,39364,46,21
87179,102,392308,69,33
41317,57,123952,41,16
63065,55,212848,40,15
63762,179,775636,116,63
38871,124,262384,82,42
96567,97,651832,66,31
30874,59,46312,42,17
58628,135,58628,89,46
66156,143,905416,94,49
99187,190,446344,123,67
25373,56,76120,40,16
3643,162,18448,104,58
28002,33,42004,26,7
34065,41,102196,31,10
94827,177,426724,115,62
14123,58,63556,41,17
24821,157,74464,102,55
68432,29,68432,24,5
55746,91,357208,62,29
50082,114,75124,76,38
70903,112,478600,75,37
8712,47,8712,34,13
85133,58,255400,42,16
18794,123,28192,81,42
8200,39,8200,29,10
76254,200,4946992,129,71
36192,41,36192,31,10
10212,179,1276936,115,64
63070,55,319300,40,15
88897,133,266692,88,45
56747,228,552904,146,82
21543,74,163600,51,23
31313,85,150496,58,27
45243,62,229048,44,18
93784,133,93784,88,45
87894,102,197764,69,33
55389,91,166168,62,29
27692,90,31156,61,29
77961,169,1123936,110,59
84389,81,253168,56,25
22602,87,33904,59,28
18021,40,54064,30,10
8156,65,13768,45,20
69120,50,69120,37,13
81052,63,153880,45,18
36778,49,55168,36,13
19711,97,1010392,65,32
24533,51,73600,37,14
18602,123,27904,81,42
63228,179,911572,116,63
4968,90,9232,60,30
84290,89,270052,61,28
20023,211,2633632,135,76
43464,163,43464,106,57
74672,37,74672,29,8
5723,173,48904,111,62
27414,59,61684,42,17
92773,208,278320,134,74
81051,182,923236,118,64
85868,50,163024,37,13
83597,89,250792,61,28
66733,91,202984,62,29
12298,156,18448,101,55
68324,174,68324,113,61
23817,100,120580,67,33
40696,181,77272,117,64
19703,74,133000,51,23
25243,170,3934960,110,60
55842,91,83764,62,29
67713,42,203140,32,10
85664,76,85664,53,23
92765,146,278296,96,50
53575,122,1029832,81,41
85745,32,257236,26,6
28483,59,128176,42,17
9172,109,9232,72,37
98933,159,296800,104,55
3697,38,11092,28,10
20059,118,171376,78,40
20314,180,32560,116,64
19150,198,6810136,127,71
53522,52,342952,38,14
45741,70,137224,49,21
4957,134,14872,87,47
75732,94,75732,64,30
82613,58,247840,42,16
66642,91,427012,62,29
63812,55,63812,40,15
52161,83,237976,57,26
51314,78,86596,54,24
63233,42,189700,32,10
15418,53,23128,38,15
24730,64,37096,45,19
30100,41,30100,31,10
98135,159,662416,104,55
29962,165,44944,107,58
12603,63,63808,44,19
9257,259,975400,164,95
86121,76,653992,53,23
34682,67,166696,47,20
91329,71,273988,50,21
87441,120,262324,80,40
64790,68,145780,48,20
43362,132,250504,87,45
64504,99,275560,67,32
34541,173,103624,112,61
26537,152,6980632,99,53
84701,133,254104,88,45
63044,148,63044,97,51
78533,138,235600,91,47
56576,122,56576,81,41
2872,53,9232,37,16
46003,57,207016,41,16
49813,96,149440,65,31
22627,113,101824,75,38
59980,65,67480,46,19
76058,55,114088,40,15
66669,55,427192,40,15
99004,190,338740,123,67
80071,68,540484,48,20
89391,239,5878384,153,86
42999,101,290248,68,33
63815,223,2759992,143,80
45608,31,45608,25,6
7813,39,23440,29,10
61845,148,185536,97,51
70094,218,399220,140,78
2180,45,2180,32,13
43799,163,295648,106,57
74602,112,111904,75,37
8276,127,9232,83,44
50575,65,512080,46,19
47858,158,560356,103,55
20701,149,62104,97,52
39465,106,505744,71,35
42352,57,42352,41,16
93331,115,419992,77,38
94320,84,94320,58,26
82535,182,1410208,118,64
13870,151,46816,98,53
60316,104,1100608,70,34
93689,177,355732,115,62
20955,87,159136,59,28
31556,103,31556,69,34
63354,78,202984,54,24
82191,138,832192,91,47
45027,176,250504,114,62
46977,132,214324,87,45
80579,94,362608,64,30
91503,177,1042288,115,62
45096,88,45096,60,28
14271,195,365776,125,70
30909,90,237976,61,29
15524,146,44224,95,51
62434,148,93652,97,51
47069,145,141208,95,50
19992,180,250504,116,64
10776,68,10776,47,21
77802,169,116704,110,59
84996,58,84996,42,16
61251,86,275632,59,27
16674,159,26728,103,56
27057,38,81172,29,9
6615,75,80512,51,24
7416,119,15856,78,41
88692,208,250504,134,74
43885,269,975400,171,98
16965,110,50896,73,37
37727,155,572992,101,54
37045,111,111136,74,37
57150,197,1042792,127,70
37545,85,2165128,58,27
49977,88,486952,60,28
32253,98,275560,66,32
3833,56,14560,39,17
90812,102,262168,69,33
80438,244,1567348,156,88
34149,173,102448,112,61
61241,86,206692,59,27
88455,133,597076,88,45
85077,58,255232,42,16
77117,138,250504,91,47
53460,140,53460,92,48
38403,168,172816,109,59
57728,60,57728,43,17
38579,168,173608,109,59
90454,89,203524,61,28
22319,144,225988,94,50
75716,63,75716,45,18
77788,107,131272,72,35
85030,151,191320,99,52
20467,180,92104,116,64
95743,159,7361440,104,55
45476,132,599056,87,45
60143,210,1541428,135,75
85161,226,2182624,145,81
26565,95,79696,64,31
22413,38,67240,29,9
93527,84,631312,58,26
51002,202,1276936,130,72
57650,73,97288,51,22
60958,179,308608,116,63
35518,173,269728,112,61
13157,138,39472,90,48
23065,56,77848,40,16
25712,170,25712,110,60
30107,46,342952,34,12
65459,55,294568,40,15
16590,97,255472,65,32
89273,71,301300,50,21
86512,71,86512,50,21
7215,70,73060,48,22
96118,45,243304,34,11
85732,195,85732,126,69
27128,183,77272,118,65
5142,54,11572,38,16
28885,59,86656,42,17
90422,63,514996,45,18
2709,53,8128,37,16
18376,61,18376,43,18
15089,133,45268,87,46
57616,122,57616,81,41
45047,101,410992,68,33
10015,65,152116,45,20
64426,73,96640,51,22
3274,43,4912,31,12
47136,101,47136,68,33
30882,59,46324,42,17
97023,84,4973236,58,26
78078,63,1334068,45,18
8713,140,44116,91,49
74705,156,224116,102,54
52875,52,237940,38,14
69088,130,69088,86,44
12298,156,18448,101,55
27129,77,103012,53,24
68369,130,205108,86,44
94020,58,94020,42,16
87600,45,87600,34,11
88500,45,88500,34,11
78959,200,1280608,129,71
32921,54,111112,39,15
11157,130,33472,85,45
11109,130,33328,85,45
31846,147,71656,96,51
2801,35,8404,26,9
42713,49,144160,36,13
2611,53,11752,37,16
77604,138,98224,91,47
33873,204,695464,131,73
10729,47,91672,34,13
95103,115,3249880,77,38
95320,146,95320,96,50
20584,30,20584,24,6
85775,102,868480,69,33
7264,18,7264,16,2
67451,161,1093984,105,56
89286,45,200896,34,11
19457,48,58372,35,13
91119,169,6398980,110,59
65943,161,445120,105,56
13690,151,20536,98,53
32935,160,1424464,104,56
33277,90,284308,61,29
19874,74,29812,51,23
13051,76,111508,52,24
66217,143,3818500,94,49
84445,151,253336,99,52
84041,89,1363048,61,28
21645,43,64936,32,11
62022,148,139552,97,51
37126,62,83536,44,18
66900,37,66900,29,8
42292,106,42292,71,35
35061,80,105184,55,25
1539,34,6928,25,9
36177,186,260800,120,66
41521,225,250504,144,81
25676,77,61720,53,24
18288,35,18288,27,8
175,80,9232,52,28
92269,177,394144,115,62
34999,111,236248,74,37
53313,70,159940,49,21
12113,68,36340,47,21
75226,63,135592,45,18
44815,70,453760,49,21
85092,58,90880,42,16
50720,83,50720,57,26
33920,129,33920,85,44
73156,37,73156,29,8
71570,125,275560,83,42
41329,57,123988,41,16
70483,174,602152,113,61
24619,95,110788,64,31
34676,142,34676,93,49
18920,61,18920,43,18
4174,113,15856,74,39
26401,139,79204,91,48
50446,65,170260,46,19
70306,249,975400,159,90
37565,62,112696,44,18
45815,83,309256,57,26
79748,76,113560,53,23
88792,94,88792,64,30
27963,152,141568,99,53
84893,151,407968,99,52
85843,151,1856356,99,52
70534,156,225988,102,54
56185,83,480004,57,26
82913,257,9693268,164,93
10579,55,135592,39,16
18625,110,55876,73,37
39195,199,1004560,128,71
390,120,9232,77,43
99304,97,99304,66,31
67392,86,67392,59,27
13795,107,62080,71,36
58003,122,261016,81,41
35532,186,250504,120,66
52816,140,52816,92,48
4987,165,182068,106,59
32299,72,145348,50,22
1482,47,2224,33,14
56409,153,190384,100,53
69268,55,69268,40,15
16836,35,16836,27,8
27799,108,187648,72,36
91650,84,137476,58,26
64888,68,82132,48,20
19478,48,43828,35,13
17267,53,77704,38,15
86329,120,1400164,80,40
85989,195,257968,126,69
43527,70,293812,49,21
11890,50,20068,36,14
24336,113,24336,75,38
11255,60,75976,42,18
86611,89,493288,61,28
11443,81,51496,55,26
46290,176,400948,114,62
53748,140,53748,92,48
37328,36,37328,28,8
16200,159,25972,103,56
72828,187,276532,121,66
113,12,340,10,2
87052,182,8153620,118,64
19582,74,223072,51,23
59723,73,268756,51,22
92037,177,6810136,115,62
97563,97,2500468,66,31
16524,128,18592,84,44
66961,112,200884,75,37
19553,74,74248,51,23
10809,68,36484,47,21
72526,81,275380,56,25
23621,144,70864,94,50
888,72,9232,48,24
31803,129,161008,85,44
85025,151,255076,99,52
95550,102,1224448,69,33
81939,182,368728,118,64
86742,71,195172,50,21
26050,108,281716,72,36
77790,169,664576,110,59
84527,133,1083184,88,45
7847,127,67048,83,44
90564,133,90564,88,45
46221,145,138664,95,50
46164,52,46164,38,14
3766,87,14308,58,29
81487,182,825064,118,64
45271,145,367144,95,50
75278,156,254068,102,54
88279,102,595888,69,33
90240,40,90240,31,9
22932,30,22932,24,6
89117,94,267352,64,30
55634,91,712960,62,29
80703,169,1838536,110,59
51914,52,77872,38,14
94777,84,319876,58,26
25992,139,25992,91,48
54846,140,416500,92,48
98506,115,147760,77,38
55313,47,165940,35,12
10562,55,33856,39,16
16902,58,38032,41,17
95557,146,286672,96,50
62876,130,453256,86,44
25918,108,897856,72,36
62121,117,3582304,78,39
1989,24,5968,19,5
14257,120,42772,79,41
87729,120,263188,80,40
28231,152,190564,99,53
59779,73,269008,51,22
45834,31,68752,25,6
22626,113,39364,75,38
32089,54,108304,39,15
79651,76,358432,53,23
41168,31,41168,25,6
71292,174,1951288,113,61
65304,55,65304,40,15
76362,81,114544,56,25
88230,102,954016,69,33
4118,38,9268,28,10
90266,45,135400,34,11
97719,203,659608,131,72
60711,86,461032,59,27
94427,84,717064,58,26
94877,84,512944,58,26
67055,117,1145716,78,39
30950,178,69640,115,63
22548,87,22548,59,28
81883,138,621808,91,47
68137,143,873160,94,49
64620,104,1048120,70,34
61843,148,278296,97,51
94804,40,94804,31,9
26991,77,307456,53,24
16194,66,24292,46,20
30110,152,846916,99,53
19234,48,28852,35,13
81731,37,367792,29,8
34511,235,1119472,150,85
1307,176,190996,112,64
3850,51,5776,36,15
12361,94,79216,63,31
94768,40,94768,31,9
45801,207,3173092,133,74
36964,155,36964,101,54
54331,153,954016,100,53
51708,83,496996,57,26
18690,185,575728,119,66
29085,165,209680,107,58
40388,44,40388,33,11
74817,112,224452,75,37
2643,102,15064,67,35
42138,44,63208,33,11
79833,138,269440,91,47
55562,47,83344,35,12
62261,42,186784,32,10
15439,53,156328,38,15
48443,70,245248,49,21
2995,48,13480,34,14
99576,190,9198520,123,67
1814,55,13120,38,17
93028,53,93028,39,14
84382,45,427192,34,11
55277,65,165832,46,19
41244,88,111508,60,28
62913,86,188740,59,27
60273,91,180820,62,29
42052,31,42052,25,6
78855,213,532276,137,76
82737,151,248212,99,52
65619,223,539440,143,80
1921,143,9232,92,51
77220,50,146608,37,13
76873,81,389176,56,25
81133,89,243400,61,28
2094,125,9232,81,44
12906,24,19360,20,4
24352,38,24352,29,9
30982,54,69712,39,15
73904,156,73904,102,54
70822,81,201688,56,25
82290,182,400948,118,64
84022,182,9198520,118,64
78514,169,132496,110,59
19875,74,89440,51,23
50932,65,50932,46,19
7675,176,43720,113,63
50517,34,151552,27,7
94575,84,1077280,58,26
60687,179,614464,116,63
94852,177,384640,115,62
69213,55,207640,40,15
2427,120,12292,78,42
90010,164,135016,107,57
68499,68,308248,48,20
29944,72,95956,50,22
66396,161,112048,105,56
44817,70,134452,49,21
4139,157,18628,101,56
91177,177,1038580,115,62
75946,81,113920,56,25
4018,25,6784,20,5
10452,29,10452,23,6
62957,55,188872,40,15
93864,102,93864,69,33
10279,148,78064,96,52
90481,115,271444,77,38
43765,163,131296,106,57
1135,62,14560,42,20
62944,104,62944,70,34
95668,58,95668,42,16
54319,91,549988,62,29
60129,210,2194288,135,75
88057,71,376144,50,21
21870,118,73816,78,40
5040,41,5040,30,11
21282,56,31924,40,16
10443,60,46996,42,18
73789,50,221368,37,13
27587,152,124144,99,53
53054,122,453256,81,41
50490,109,345544,73,36
83105,76,599056,53,23
86347,164,388564,107,57
67088,68,67088,48,20
12626,156,182068,101,55
34398,67,174148,47,20
58672,47,58672,35,12
91786,115,176740,77,38
66898,91,1928932,62,29
26150,108,59668,72,36
60031,117,4381288,78,39
69907,112,447928,75,37
5284,103,15064,68,35
7611,132,38536,86,46
43327,88,4002208,60,28
14925,71,44776,49,22
76163,107,342736,72,35
870,28,1960,21,7
97089,27,291268,23,4
1015,36,6856,26,10
10104,179,138400,115,64
82523,120,892276,80,40
96008,146,102544,96,50
33459,67,150568,47,20
90606,208,2092552,134,74
82410,151,123616,99,52
23249,175,69748,113,62
89161,94,1626856,64,30
43517,132,954016,87,45
29062,165,65392,107,58
24171,95,108772,64,31
8025,44,27088,32,12
82215,76,624328,53,23
85948,133,367144,88,45
43804,163,73924,106,57
19297,211,225988,135,76
91830,177,348676,115,62
92709,58,278128,42,16
86665,76,740392,53,23
18258,66,156004,46,20
12856,169,12856,109,60
85179,195,777112,126,69
20026,66,30040,46,20
4459,46,20068,33,13
63611,130,515860,86,44
70844,81,179332,56,25
83962,89,538000,61,28
49832,127,49832,84,43
43428,163,82456,106,57
93810,89,304720,61,28
38507,75,185056,52,23
5669,80,17008,54,26
91471,120,926152,80,40
47196,52,79648,38,14
73234,156,234628,102,54
24418,113,36628,75,38
81983,169,3786424,110,59
10752,16,10752,15,1
46219,57,207988,41,16
7353,163,24820,105,58
79053,169,237160,110,59
88836,71,88836,50,21
97494,71,219364,50,21
28928,20,28928,18,2
41095,137,277396,90,47
54123,140,243556,92,48
29494,103,255472,69,34
92248,58,92248,42,16
73540,63,73540,45,18
31708,54,53512,39,15
68815,81,744064,56,25
7297,163,21892,105,58
25399,201,171448,129,72
35843,93,161296,63,30
13262,138,75544,90,48
76710,200,172600,129,71
95986,97,778408,66,31
56705,153,170116,100,53
67174,68,151144,48,20
31782,129,71512,85,44
13653,19,40960,17,2
5104,59,9232,41,18
25501,201,1276936,129,72
35530,186,250504,120,66
18453,154,55360,100,54
49394,145,534112,95,50
31175,85,210436,58,27
64451,99,392020,67,32
35437,80,255472,55,25
47407,75,480004,52,23
63060,29,63060,24,5
15955,53,90880,38,15
82723,58,372256,42,16
12357,37,37072,28,9
98500,115,98500,77,38
2188,32,2464,24,8
77244,107,219976,72,35
35099,80,899584,55,25
92472,133,92472,88,45
21226,30,31840,24,6
3607,43,24352,31,12
57621,122,172864,81,41
32829,160,98488,104,56
26490,170,190996,110,60
14388,120,14388,79,41
69464,112,281716,75,37
71833,143,242440,94,49
95981,190,287944,123,67
2592,27,2592,21,6
48517,127,560356,84,43
91684,146,954016,96,50
62062,86,209464,59,27
66737,91,240568,62,29
81258,182,121888,118,64
61754,55,92632,40,15
84775,164,643768,107,57
11088,37,11088,28,9
30817,134,117016,88,46
23409,144,70228,94,50
137,90,9232,58,32
17414,141,39184,92,49
59501,166,254176,108,58
84515,58,380320,42,16
56359,65,427984,46,19
66198,161,148948,105,56
92790,146,234880,96,50
92421,146,277264,96,50
32855,160,221776,104,56
76241,107,228724,72,35
90064,177,250504,115,62
16323,177,8153620,114,63
6969,57,23524,40,17
27519,121,1357288,80,41
51926,52,116836,38,14
59849,73,302992,51,22
93423,164,7775332,107,57
1701,60,9232,41,19
93783,133,633040,88,45
23200,25,23200,21,4
44590,70,150496,49,21
32116,46,32116,34,12
61935,161,3013504,105,56
54317,39,162952,30,9
5521,129,16564,84,45
36456,62,36456,44,18
86466,195,4733152,126,69
41606,150,93616,98,52
14956,115,345544,76,39
44050,70,111508,49,21
13918,89,70468,60,29
70294,143,158164,94,49
78582,125,198916,83,42
64926,192,1404052,124,68
70270,81,800440,56,25
30955,160,176308,104,56
96672,71,96672,50,21
72618,68,108928,48,20
41459,62,186568,44,18
89038,76,507112,53,23
21114,149,31672,97,52
99978,159,149968,104,55
90227,63,406024,45,18
43940,163,400948,106,57
29346,178,225988,115,63
46314,57,69472,41,16
92366,138,6398980,91,47
69167,81,5048080,56,25
47862,176,163780,114,62
97407,146,3328612,96,50
49299,96,899584,65,31
47222,83,119536,57,26
44943,207,455056,133,74
3454,56,39364,39,17
54936,153,54936,100,53
43371,70,195172,49,21
8329,189,144340,121,68
15535,115,255472,76,39
85281,58,255844,42,16
84926,195,11927896,126,69
36321,155,206872,101,54
49171,52,221272,38,14
80202,94,120304,64,30
8641,171,27700,110,61
91058,177,153664,115,62
30050,90,45076,61,29
5619,160,25288,103,57
56054,60,141892,43,17
1921,143,9232,92,51
43938,44,65908,33,11
69725,143,209176,94,49
12208,156,12208,101,55
65775,122,2528656,81,41
32973,67,98920,47,20
10800,117,10800,77,40
71089,187,250504,121,66
28917,121,86752,80,41
70464,99,70464,67,32
93501,71,280504,50,21
76701,200,552904,129,71
37159,67,282184,47,20
84608,120,84608,80,40
71697,50,215092,37,13
61511,117,1330180,78,39
58693,179,225988,116,63
61745,117,281716,78,39
15811,190,250504,122,68
5127,147,34612,95,52
30010,64,45016,45,19
99121,66,297364,47,19
90933,84,272800,58,26
193,119,9232,76,43
36414,186,276532,120,66
12817,63,38452,44,19
39083,168,175876,109,59
65049,73,219544,51,22
50941,96,489616,65,31
32131,46,144592,34,12
40143,49,406456,36,13
36469,155,109408,101,54
30699,116,262276,77,39
10656,117,10656,77,40
47898,52,71848,38,14
30076,90,114208,61,29
9360,60,9360,42,18
42057,88,212920,60,28
51832,127,65608,84,43
59192,96,84292,65,31
33273,98,455380,66,32
14672,40,14672,30,10
27049,121,462184,80,41
76275,55,343240,40,15
25964,170,49300,110,60
43955,70,197800,49,21
72310,42,183040,32,10
95431,128,644164,85,43
718,51,9232,35,16
11677,218,250504,139,79
4435,77,95956,52,25
49811,158,224152,103,55
94637,84,283912,58,26
4995,90,22480,60,30
4235,56,19060,39,17
69301,130,207904,86,44
43950,101,148336,68,33
37406,111,189376,74,37
34873,142,117700,93,49
42216,150,42216,98,52
23186,188,225988,121,67
43443,163,195496,106,57
51760,52,51760,38,14
41154,88,78136,60,28
77536,76,77536,53,23
2582,53,5812,37,16
51718,140,116368,92,48
2764,128,9232,83,45
92911,115,2381236,77,38
55481,153,187252,100,53
38760,75,39364,52,23
76068,200,96280,129,71
25308,56,42712,40,16
96372,45,96372,34,11
11065,161,53188,104,57
76849,81,230548,56,25
37549,62,112648,44,18
36946,93,210436,63,30
47938,52,71908,38,14
6477,49,19432,35,14
51757,171,1276936,111,60
90102,164,288664,107,57
2383,50,24136,35,15
49684,158,49684,103,55
88000,45,88000,34,11
45277,70,135832,49,21
33403,67,169108,47,20
91882,84,137824,58,26
26947,139,599056,91,48
79699,120,680884,80,40
73934,156,631636,102,54
22336,38,22336,29,9
45096,88,45096,60,28
79931,68,404656,48,20
27198,121,206548,80,41
22011,74,125368,51,23
24124,95,61072,64,31
87924,71,87924,50,21
2891,48,13012,34,14
93306,53,139960,39,14
8027,189,146500,121,68
64926,192,1404052,124,68
68843,205,1256128,132,73
33666,98,53944,66,32
9278,91,70468,61,30
42240,119,42240,79,40
47665,101,142996,68,33
48009,101,831544,68,33
14684,133,24784,87,46
671,95,39364,62,33
89212,164,338740,107,57
17890,48,26836,35,13
55613,114,166840,76,38
44536,238,481624,152,86
78543,107,1006504,72,35
54320,39,54320,30,9
92068,71,196648,50,21
21640,43,21640,32,11
64713,130,897856,86,44
16634,53,31588,38,15
34661,142,103984,93,49
68976,174,1276936,113,61
32173,54,96520,39,15
59198,104,505744,70,34
58848,166,58848,108,58
11578,55,17368,39,16
77300,125,77300,83,42
20177,136,60532,89,47
44387,70,199744,49,21
63973,192,191920,124,68
89792,133,89792,88,45
41004,150,46132,98,52
19997,92,59992,62,30
86599,71,584548,50,21
35932,186,138400,120,66
35711,124,2316760,82,42
34694,142,78064,93,49
35741,111,1100608,74,37
77242,107,223072,72,35
93584,146,93584,96,50
76503,200,516400,129,71
17375,110,263896,73,37
76675,37,345040,29,8
81472,37,81472,29,8
45914,176,68872,114,62
66026,42,99040,32,10
44517,70,133552,49,21
87797,58,263392,42,16
26070,77,74248,53,24
56234,60,84352,43,17
84812,58,95416,42,16
59050,42,88576,32,10
39179,150,176308,98,52
32822,67,280420,47,20
51728,171,1276936,111,60
60936,179,60936,116,63
17000,128,17000,84,44
62523,86,316528,59,27
38713,124,130660,82,42
64552,73,64552,51,22
40173,44,120520,33,11
33723,59,170728,42,17
10626,55,15940,39,16
67166,68,340036,48,20
76510,200,1276936,129,71
6860,31,7720,24,7
41610,150,62416,98,52
43308,44,48724,33,11
21840,17,21840,16,1
27217,90,87208,61,29
52954,140,79432,92,48
84482,107,126724,72,35
60594,86,102256,59,27
72076,42,81088,32,10
49523,70,222856,49,21
99162,159,148744,104,55
4887,46,32992,33,13
7486,70,95956,48,22
31456,147,31456,96,51
16768,35,16768,27,8
28454,51,64024,37,14
76281,63,289636,45,18
53443,215,240496,138,77
51878,96,747952,65,31
12227,156,55024,101,55
93406,133,531988,88,45
22589,61,67768,43,18
78977,76,253024,53,23
31710,222,270916,142,80
47789,96,143368,65,31
88032,177,225988,115,62
37020,155,70288,101,54
44949,163,134848,106,57
65134,205,225988,132,73
66459,99,757024,67,32
27527,152,185812,99,53
73494,187,165364,121,66
52199,202,594592,130,72
99535,128,1007800,85,43
43396,163,43396,106,57
24032,144,24032,94,50
75543,107,509920,72,35
37702,155,84832,101,54
25940,33,25940,26,7
49146,158,1276936,103,55
20325,43,60976,32,11
22868,38,22868,29,9
204,26,232,19,7
16545,97,119284,65,32
15900,53,26836,38,15
29064,72,39364,50,22
90881,133,272644,88,45
3749,175,250504,112,63
66630,68,149920,48,20
80765,151,560356,99,52
20885,56,62656,40,16
25184,64,25184,45,19
81571,182,367072,118,64
71247,73,721384,51,22
19260,74,61720,51,23
35960,80,45520,55,25
33458,67,56464,47,20
85680,102,85680,69,33
2104,81,9232,54,27
65902,99,400840,67,32
44536,238,481624,152,86
16104,71,16104,49,22
98047,128,21467320,85,43
90013,164,270040,107,57
78279,107,528388,72,35
12392,125,12392,82,43
28902,46,65032,34,12
97538,159,312496,104,55
81160,37,81160,29,8
67915,68,305620,48,20
50358,109,242008,73,36
86909,102,329992,69,33
38438,75,86488,52,23
35504,98,35504,66,32
96283,159,1645108,104,55
93460,84,93460,58,26
75404,156,84832,102,54
41259,119,952864,79,40
33725,98,324160,66,32
64287,130,976372,86,44
74843,86,959092,59,27
14909,71,44728,49,22
92618,115,281716,77,38
50627,57,243304,41,16
37229,93,119284,63,30
23387,82,177604,56,26
46755,83,210400,57,26
28303,108,286576,72,36
60816,34,60816,27,7
84749,133,254248,88,45
63345,148,190036,97,51
35619,98,160288,66,32
76235,107,343060,72,35
61115,179,309400,116,63
70131,68,315592,48,20
25526,126,96928,83,43
79819,45,359188,34,11
14335,195,2480056,125,70
94716,177,809188,115,62
62768,179,190996,116,63
6645,137,19936,89,48
32934,147,93796,96,51
43470,194,313360,125,69
33688,129,33688,85,44
52657,140,157972,92,48
17376,141,17376,92,49
65207,192,440152,124,68
96463,128,1390660,85,43
36608,111,36608,74,37
83179,89,532960,61,28
23994,51,35992,37,14
44387,70,199744,49,21
46288,52,46288,38,14
86725,133,260176,88,45
98133,53,294400,39,14
93309,146,1276936,96,50
96394,45,144592,34,11
76313,55,257560,40,15
98372,115,98372,77,38
75325,63,225976,45,18
71197,37,213592,29,8
70015,81,2392576,56,25
8211,158,36952,102,56
10923,55,49156,39,16
36290,93,155032,63,30
33341,116,100024,77,39
39851,75,179332,52,23
56985,104,205396,70,34
84179,182,378808,118,64
11095,55,74896,39,16
87960,102,87960,69,33
33419,90,150388,61,29
5742,80,39364,54,26
72375,143,488536,94,49
68799,205,1567348,132,73
70533,156,225988,102,54
22165,69,66496,48,21
35596,72,40048,50,22
30258,209,6810136,134,75
14212,58,20248,41,17
95990,252,5399296,161,91
5233,28,15700,22,6
67754,37,101632,29,8
52692,140,52692,92,48
89766,115,647080,77,38
79769,107,269224,72,35
25614,82,155824,56,26
14027,107,63124,71,36
53536,96,53536,65,31
94091,146,423412,96,50
30909,90,237976,61,29
52114,140,131920,92,48
19611,198,715696,127,71
46647,158,1702276,103,55
63186,78,239920,54,24
72568,94,103336,64,30
47575,57,342952,41,16
91052,208,129652,134,74
36183,142,244240,93,49
571,30,2896,22,8
97791,172,7518904,112,60
19289,167,65104,108,59
78825,244,1515184,156,88
29878,72,127636,50,22
84426,107,126640,72,35
918,129,9232,83,46
75603,68,645892,48,20
95041,146,285124,96,50
64576,117,64576,78,39
72519,81,619540,56,25
39105,75,117316,52,23
18063,185,182896,119,66
17000,128,17000,84,44
61846,210,190996,135,75
9942,73,22372,50,23
61170,135,261304,89,46
23471,82,237652,56,26
59822,73,201904,51,22
86670,151,1249504,99,52
44436,132,44436,87,45
4530,64,9232,44,20
83056,76,94768,53,23
12193,68,36580,47,21
74103,143,500200,94,49
72763,125,442564,83,42
86796,164,97648,107,57
34088,80,34088,55,25
66678,68,168784,48,20
4628,33,4628,25,8
56542,135,515860,89,46
68227,81,307024,56,25
3256,43,3256,31,12
57434,122,86152,81,41
5214,85,33424,57,28
19405,167,1276936,108,59
25381,82,76144,56,26
91057,177,273172,115,62
19174,74,43144,51,23
53028,78,67120,54,24
23990,188,91096,121,67
24520,157,44224,102,55
22440,87,22440,59,28
76950,50,173140,37,13
14996,177,250504,114,63
23560,82,23560,56,26
89050,76,304720,53,23
5022,90,25432,60,30
98001,66,294004,47,19
21120,118,21120,78,40
51540,26,51540,22,4
94836,76,94836,53,23
39351,49,265624,36,13
46224,145,46224,95,50
25518,82,86128,56,26
78654,151,671956,99,52
22251,69,126736,48,21
84487,107,570292,72,35
82896,45,82896,34,11
89133,71,267400,50,21
91067,84,461032,58,26
66799,236,6589024,151,85
54200,47,54200,35,12
59547,73,678292,51,22
88152,146,88152,96,50
3328,17,3328,15,2
29769,116,150712,77,39
64419,73,289888,51,22
94387,102,424744,69,33
42789,194,128368,125,69
82385,58,247156,42,16
46831,132,1200256,87,45
52447,52,796552,38,14
15161,84,51172,57,27
56584,104,56584,70,34
33999,85,344248,58,27
27231,90,413584,61,29
9077,65,27232,45,20
69342,174,394936,113,61
31086,116,104920,77,39
55572,109,55572,73,36
14716,164,55888,106,58
5751,54,38824,38,16
78769,76,236308,53,23
35904,49,35904,36,13
72490,68,108736,48,20
32094,98,164752,66,32
91037,84,273112,58,26
87955,71,395800,50,21
34315,67,154420,47,20
48226,189,77272,122,67
87986,133,148480,88,45
83015,89,560356,61,28
35180,129,84544,85,44
25339,95,410992,64,31
92436,146,92436,96,50
69682,55,117592,40,15
32102,46,72232,34,12
2776,128,9232,83,45
97184,66,97184,47,19
45620,31,45620,25,6
45839,31,464128,25,6
19540,43,19540,32,11
57125,104,171376,70,34
65150,161,742120,105,56
26617,77,113704,53,24
79656,45,79656,34,11
90696,89,90696,61,28
54568,140,65608,92,48
37100,155,46960,101,54
75832,200,129760,129,71
61800,148,61800,97,51
90222,71,385396,50,21
25480,33,25480,26,7
46173,145,138520,95,50
99166,159,502036,104,55
55864,91,59668,62,29
42044,88,106432,60,28
82570,151,123856,99,52
15409,146,46228,95,51
57981,184,27114424,119,65
82957,89,248872,61,28
16352,66,39364,46,20
4132,157,9232,101,56
44826,39,67240,30,9
11350,130,25540,85,45
60932,86,164752,59,27
44255,119,672136,79,40
38226,199,2480056,128,71
12454,94,95956,63,31
18815,110,642976,73,37
18264,61,18264,43,18
77695,231,2655016,148,83
15736,102,19924,68,34
15831,102,106864,68,34
47894,96,107764,65,31
44674,132,67012,87,45
89463,164,603880,107,57
45067,62,202804,44,18
3374,43,11392,31,12
10336,104,10336,69,35
23742,100,180304,67,33
10693,117,32080,77,40
47296,26,47296,22,4
45542,132,102472,87,45
34058,41,51088,31,10
66984,130,66984,86,44
19584,43,19584,32,11
22766,175,76840,113,62
59288,166,59288,108,58
23907,51,107584,37,14
85104,58,85104,42,16
79676,76,201688,53,23
46526,176,353320,114,62
38231,80,258064,55,25
19521,48,58564,35,13
85239,89,575368,61,28
51935,109,899584,73,36
25567,201,552904,129,72
73194,125,250504,83,42
30135,116,217240,77,39
10346,104,15520,69,35
41186,31,61780,25,6
92950,146,209140,96,50
70745,81,238768,56,25
33456,41,33456,31,10
28019,152,126088,99,53
54220,91,61000,62,29
45992,57,45992,41,16
73617,156,398032,102,54
87439,102,885328,69,33
9487,60,96064,42,18
38863,124,393496,82,42
58871,122,397384,81,41
86695,195,937384,126,69
43857,194,150064,125,69
86056,76,86056,53,23
31380,178,190996,115,63
64730,192,97096,124,68
28379,103,215512,69,34
54354,202,8153620,130,72
49997,158,149992,103,55
14032,58,14032,41,17
80073,182,405376,118,64
65983,148,2536648,97,51
36684,155,41272,101,54
17619,79,79288,54,25
6588,137,18772,89,48
62791,179,905236,116,63
31481,85,119536,58,27
98531,40,443392,31,9
20528,56,20528,40,16
23570,82,59668,56,26
11152,130,11152,85,45
71095,73,479896,51,22
59175,122,449368,81,41
44740,70,44740,49,21
32955,121,166840,80,41
35304,49,35304,36,13
34701,49,104104,36,13
93037,159,503008,104,55
67569,174,250504,113,61
66789,73,304720,51,22
71046,174,159856,113,61
37843,106,517912,71,35
13901,107,41704,71,36
80060,68,486952,48,20
1882,130,9232,84,46
33038,67,111508,47,20
1631,135,24784,87,48
20790,87,118420,59,28
88060,76,1692736,53,23
83495,58,634048,42,16
46152,176,49300,114,62
48921,127,1357288,84,43
67232,37,67232,29,8
80358,120,217240,80,40
3263,74,74356,50,24
66982,112,150712,75,37
81973,151,245920,99,52
75486,112,429928,75,37
54723,184,295864,119,65
89500,120,1290328,80,40
50819,83,228688,57,26
29933,41,89800,31,10
6902,57,17476,40,17
99024,40,99024,31,9
8598,65,19348,45,20
63910,99,345544,67,32
72392,50,72392,37,13
84215,107,568456,72,35
8264,158,9232,102,56
63294,78,540736,54,24
25806,126,220480,83,43
91680,32,91680,26,6
11875,143,53440,93,50
93066,53,139600,39,14
86403,71,388816,50,21
14080,120,14080,79,41
49851,96,252376,65,31
72780,125,560356,83,42
95409,128,286228,85,43
9019,39,45664,29,10
49501,65,148504,46,19
12101,68,36304,47,21
57022,153,433024,100,53
19801,136,66832,89,47
63401,117,3084856,78,39
92447,177,1404052,115,62
29438,147,503008,96,51
76538,81,145312,56,25
46676,39,46676,30,9
19943,74,227176,51,23
20863,87,712960,59,28
11670,81,26260,55,26
53773,47,161320,35,12
15917,97,47752,65,32
10879,130,954016,85,45
2986,22,4480,18,4
97906,159,165220,104,55
73649,50,220948,37,13
41236,31,41236,25,6
18932,92,45520,62,30
92877,146,278632,96,50
337,112,9232,72,40
42934,49,163024,36,13
84900,226,1276936,145,81
45537,88,259360,60,28
69505,112,208516,75,37
99215,190,1004560,123,67
51149,171,153448,111,60
16280,159,16280,103,56
68666,81,103000,56,25
71387,125,542104,83,42
86125,107,785752,72,35
77486,63,261520,45,18
74056,262,975400,167,95
91912,177,209680,115,62
98619,159,499264,104,55
77274,169,115912,110,59
66671,55,854368,40,15
76475,107,387160,72,35
54029,78,162088,54,24
90023,89,683620,61,28
91633,84,274900,58,26
71129,73,240064,51,22
18109,40,54328,30,10
52496,78,52496,54,24
82807,63,558952,45,18
93186,58,139780,42,16
76534,112,314656,75,37
99026,71,376000,50,21
56831,228,6221608,146,82
74641,125,223924,83,42
52510,52,265840,38,14
66407,236,9693268,151,85
94221,84,282664,58,26
39520,137,39520,90,47
49650,96,94264,65,31
34525,129,103576,85,44
96494,45,325672,34,11
33886,59,244276,42,17
44370,93,852928,63,30
95403,53,429316,39,14
30677,59,92032,42,17
64094,73,1039552,51,22
47765,145,143296,95,50
50800,202,695464,130,72
79415,275,11003416,175,100
93096,53,93096,39,14
72308,94,72308,64,30
82063,244,830896,156,88
95433,53,483136,39,14
31924,54,31924,39,15
78389,138,235168,91,47
47575,57,342952,41,16
43392,57,43392,41,16
53665,109,870424,73,36
67385,68,227428,48,20
31028,54,31028,39,15
35465,80,302992,55,25
34486,85,314656,58,27
19457,48,58372,35,13
74796,112,84148,75,37
35555,36,160000,28,8
46923,39,211156,30,9
13410,45,20116,33,12
69328,143,69328,94,49
91401,195,1426408,126,69
36640,155,36640,101,54
63628,99,71584,67,32
83425,138,475144,91,47
19693,74,59080,51,23
89038,76,507112,53,23
78841,76,505168,53,23
54201,140,293056,92,48
93064,53,93064,39,14
57416,78,57416,54,24
18075,185,742120,119,66
15550,53,118096,38,15
29964,165,33712,107,58
91457,177,274372,115,62
96363,133,926152,88,45
52266,140,78400,92,48
16062,45,121984,33,12
58227,73,262024,51,22
28811,196,129652,126,70
60007,117,1025296,78,39
22801,69,68404,48,21
75477,63,226432,45,18
69461,50,208384,37,13
57768,60,57768,43,17
28055,108,189376,72,36
75320,63,75320,45,18
45398,163,102148,106,57
13234,45,22336,33,12
90021,89,547540,61,28
25069,64,75208,45,19
65728,42,65728,32,10
90611,208,2480056,134,74
70454,104,857032,70,34
25833,170,196180,110,60
86243,71,388096,50,21
13683,58,61576,41,17
92299,115,665332,77,38
23384,144,23384,94,50
58161,73,174484,51,22
93333,84,280000,58,26
23667,100,106504,67,33
58818,104,954016,70,34
91199,208,2077648,134,74
34643,173,374596,112,61
41831,150,2035348,98,52
10235,117,560356,77,40
57617,166,172852,108,58
9222,109,20752,72,37
11411,81,61720,55,26
80056,182,250504,118,64
61414,117,560356,78,39
1052,80,9232,53,27
75302,125,1100608,83,42
76919,169,519208,110,59
78117,169,400948,110,59
56564,153,56564,100,53
97860,128,97860,85,43
44758,114,121012,76,38
77476,76,330964,53,23
51258,171,76888,111,60
95501,146,286504,96,50
308,24,308,18,6
56890,153,102544,100,53
68896,81,68896,56,25
95185,76,285556,53,23
35945,93,272968,63,30
99556,159,106324,104,55
38135,54,257416,39,15
27324,46,69172,34,12
71763,174,408724,113,61
87226,58,130840,42,16
96508,146,549664,96,50
25955,51,116800,37,14
55022,184,185704,119,65
89960,63,89960,45,18
95928,84,95928,58,26
79867,182,1844368,118,64
70428,81,118852,56,25
4993,165,21688,106,59
1962,24,2944,19,5
12498,156,47464,101,55
32552,160,32552,104,56
76385,107,392020,72,35
55756,60,62728,43,17
13256,76,13256,52,24
4568,33,4568,25,8
48848,158,48848,103,55
48004,145,102544,95,50
20390,180,98008,116,64
44524,75,304720,52,23
61577,140,6398980,92,48
43920,44,43920,33,11
82104,58,82104,42,16
3359,136,51028,88,48
88536,45,88536,34,11
76525,81,229576,56,25
97058,128,897856,85,43
5699,67,25648,46,21
66810,236,481624,151,85
93080,146,93080,96,50
55806,91,1430296,62,29
31350,103,79360,69,34
76778,76,115168,53,23
50249,171,619648,111,60
75034,156,112552,102,54
98240,66,118096,47,19
44042,194,190996,125,69
31955,98,345544,66,32
8003,44,36016,32,12
69784,143,69784,94,49
87235,133,392560,88,45
19739,211,505924,135,76
10704,73,10704,50,23
49423,52,500416,38,14
83107,76,373984,53,23
61900,179,69640,116,63
12393,63,94120,44,19
44725,70,134176,49,21
32300,72,36340,50,22
15642,102,23464,68,34
79535,213,2942080,137,76
6306,62,9460,43,19
98263,190,1195288,123,67
18783,61,285280,43,18
78258,182,225988,118,64
77964,138,87712,91,47
20567,87,138832,59,28
67767,112,549556,75,37
6512,44,6512,32,12
26178,139,39268,91,48
4766,51,24136,36,15
20355,35,91600,27,8
23930,51,35896,37,14
28821,165,86464,107,58
29524,41,29524,31,10
71089,187,250504,121,66
66164,99,66164,67,32
77526,81,174436,56,25
13781,107,41344,71,36
6590,137,50056,89,48
34813,111,952864,74,37
93665,107,533464,72,35
45940,83,45940,57,26
51494,109,223072,73,36
93327,146,944944,96,50
40954,119,897856,79,40
65786,192,150064,124,68
19310,105,223072,70,35
54196,47,54196,35,12
25902,51,87424,37,14
23577,144,79576,94,50
31509,28,94528,23,5
74712,156,74712,102,54
25465,139,367144,91,48
60282,91,90424,62,29
16261,128,250504,84,44
35441,142,106324,93,49
95083,58,427876,42,16
56684,153,107620,100,53
41431,181,279664,117,64
1988,24,1988,19,5
25106,64,63556,45,19
78485,169,235456,110,59
13027,45,58624,33,12
68310,86,155824,59,27
45928,83,45928,57,26
75415,156,509056,102,54
57536,122,57536,81,41
42947,49,193264,36,13
56562,228,2480056,146,82
10378,104,15568,69,35
53593,96,180880,65,31
7348,132,9232,86,46
33777,173,250504,112,61
3784,38,3784,28,10
55799,259,2480056,165,94
4299,64,19348,44,20
70205,143,210616,94,49
86208,71,86208,50,21
55162,91,176740,62,29
60653,86,181960,59,27
34485,173,1276936,112,61
98615,120,665656,80,40
20923,131,105928,86,45
34029,80,102088,55,25
20317,180,60952,116,64
76997,50,230992,37,13
16969,84,85912,57,27
30267,165,153232,107,58
95746,97,143620,66,31
24001,144,72004,94,50
14012,89,95956,60,29
2867,27,12904,21,6
5899,49,26548,35,14
18396,154,44224,100,54
39020,62,166696,44,18
4007,43,30436,31,12
34394,67,51592,47,20
10957,42,32872,31,11
50043,233,480976,149,84
96200,45,96200,34,11
6079,67,155824,46,21
29632,134,29632,88,46
95677,58,287032,42,16
62902,161,6980632,105,56
69498,112,250504,75,37
94814,76,480004,53,23
41575,111,710368,74,37
31418,85,47128,58,27
88021,45,264064,34,11
83640,58,83640,42,16
65007,86,1110724,59,27
94882,76,486952,53,23
39455,62,599236,44,18
1588,29,1588,22,7
54711,122,899584,81,41
86568,45,86568,34,11
91749,71,275248,50,21
75887,200,1641040,129,71
18817,154,56452,100,54
85825,50,257476,37,13
29433,121,111760,80,41
48618,158,72928,103,55
72374,143,274804,94,49
34218,28,51328,23,5
20885,56,62656,40,16
5455,129,95956,84,45
74961,94,512944,64,30
43619,70,196288,49,21
83949,89,251848,61,28
62672,55,62672,40,15
47112,101,47112,68,33
39614,75,300832,52,23
85679,102,867508,69,33
59994,91,89992,62,29
8849,47,26548,34,13
78673,125,252052,83,42
66126,143,251080,94,49
86445,71,259336,50,21
61603,135,277216,89,46
72046,68,243160,48,20
42223,225,3652288,144,81
49224,96,49224,65,31
65334,68,372112,48,20
52733,246,975400,157,89
49421,114,148264,76,38
75505,63,226516,45,18
2463,208,250504,132,76
9461,60,28384,42,18
99320,97,424276,66,31
9276,60,23488,42,18
94214,84,211984,58,26
13270,76,85048,52,24
65943,161,445120,105,56
72921,156,246112,102,54
22554,87,33832,59,28
24367,64,246724,45,19
44037,194,190996,125,69
17370,53,26056,38,15
11796,143,11796,93,50
70022,81,157552,56,25
68155,42,345040,32,10
30144,134,30144,88,46
29426,103,424276,69,34
88210,146,905416,96,50
75140,68,304720,48,20
5369,72,20392,49,23
4622,152,15604,98,54
58830,104,565432,70,34
60295,91,406996,62,29
14720,40,14720,30,10
29228,46,32884,34,12
7567,132,76624,86,46
12307,94,55384,63,31
53823,171,1226176,111,60
24043,126,462184,83,43
15087,208,386692,133,75
17388,185,225988,119,66
27043,90,121696,61,29
89425,164,572992,107,57
51619,171,232288,111,60
92051,32,414232,26,6
18324,154,18324,100,54
18020,40,18020,30,10
75427,63,339424,45,18
40864,62,40864,44,18
10284,55,11572,39,16
18280,35,18280,27,8
47000,57,47000,41,16
62781,130,188344,86,44
22909,82,86992,56,26
61585,179,374596,116,63
50226,109,84760,73,36
37953,62,113860,44,18
37664,36,37664,28,8
61382,60,138112,43,17
47930,96,345544,65,31
9344,122,9344,80,42
76174,107,257092,72,35
39792,75,39792,52,23
29135,59,295000,42,17
47102,127,4583680,84,43
69444,81,69444,56,25
99112,190,190996,123,67
57531,259,5314408,165,94
46800,145,46800,95,50
4828,72,8152,49,23
96144,97,96144,66,31
62654,179,475792,116,63
13700,58,13700,41,17
91420,89,1482784,61,28
5314,54,10096,38,16
13599,120,206548,79,41
28808,121,28808,80,41
70424,143,70424,94,49
69391,143,702592,94,49
45227,88,203524,60,28
59551,104,5151112,70,34
80073,182,405376,118,64
3559,48,40552,34,14
75309,156,225928,102,54
50114,114,142720,76,38
53000,78,53000,54,24
55879,91,377188,62,29
36344,186,1276936,120,66
58220,135,110536,89,46
35187,248,481624,158,90
36967,155,631636,101,54
33770,173,250504,112,61
53219,140,239488,92,48
19230,123,97360,81,42
75210,63,112816,45,18
27878,59,62728,42,17
58002,122,146824,81,41
97138,159,163924,104,55
38085,36,114256,28,8
81781,63,245344,45,18
92893,146,278680,96,50
16807,66,127636,46,20
88636,45,224368,34,11
37035,111,166660,74,37
40318,243,497176,155,88
55469,153,166408,100,53
19095,105,128896,70,35
57797,60,173392,43,17
10590,148,53620,96,52
57222,52,128752,38,14
1658,91,9232,60,31
98301,159,9565936,104,55
39532,168,126664,109,59
52228,171,52228,111,60
3165,79,9496,53,26
93079,146,628288,96,50
83974,120,188944,80,40
41248,150,41248,98,52
19602,105,49624,70,35
93967,84,951424,58,26
50600,83,50600,57,26
71546,156,619648,102,54
4553,152,23056,98,54
9418,34,14128,26,8
58580,135,58580,89,46
68208,130,599056,86,44
72056,81,91204,56,25
78271,169,3009040,110,59
3723,131,16756,85,46
70443,81,316996,56,25
95633,53,286900,39,14
40032,31,40032,25,6
79236,138,79236,91,47
21439,74,1564756,51,23
58820,135,58820,89,46
43857,194,150064,125,69
33577,235,6810136,150,85
41939,88,188728,60,28
49029,96,176740,65,31
59808,91,59808,62,29
49878,114,112228,76,38
97784,97,313288,66,31
43462,57,97792,41,16
93475,53,420640,39,14
40470,181,91060,117,64
83137,112,249412,75,37
20436,61,20436,43,18
84118,32,189268,26,6
14192,58,14192,41,17
84727,151,571912,99,52
27387,183,1998916,118,65
31722,103,47584,69,34
54787,153,246544,100,53
13705,151,78064,98,53
56636,104,143368,70,34
2124,125,9232,81,44
90711,89,612304,61,28
62994,86,159460,59,27
80123,169,1949236,110,59
97513,159,740500,104,55
25417,82,128680,56,26
1815,55,13120,38,17
78538,138,117808,91,47
50259,140,515860,92,48
16509,172,225988,111,61
85167,151,862324,99,52
78917,76,236752,53,23
35700,98,35700,66,32
46336,26,46336,22,4
46807,145,315952,95,50
77854,169,394144,110,59
63769,148,215224,97,51
35740,111,1100608,74,37
34786,142,52180,93,49
31981,54,95944,39,15
89336,71,190816,50,21
94703,221,4095844,142,79
85017,182,775636,118,64
1610,21,2416,17,4
66254,99,849040,67,32
85482,50,128224,37,13
91129,239,1870612,153,86
28142,108,94984,72,36
30010,64,45016,45,19
6783,181,260800,116,65
92073,146,3982120,96,50
99353,159,335320,104,55
25934,108,110788,72,36
77155,169,347200,110,59
8308,65,8308,45,20
92208,40,92208,31,9
75875,55,341440,40,15
38347,36,172564,28,8
50773,83,152320,57,26
72085,42,216256,32,10
40150,93,90340,63,30
86701,45,260104,34,11
27527,152,185812,99,53
96759,190,653128,123,67
85713,50,257140,37,13
68478,311,18976192,197,114
5696,36,5696,27,9
39170,168,79432,109,59
47948,83,53944,57,26
47225,127,302596,84,43
45866,31,68800,25,6
25554,139,560356,91,48
60411,117,344068,78,39
90896,84,90896,58,26
24817,157,74452,102,55
55027,184,247624,119,65
50706,65,128356,46,19
61923,148,278656,97,51
73915,94,374200,64,30
1882,130,9232,84,46
39568,124,42280,82,42
47366,189,250504,122,67
79212,99,150388,67,32
70123,68,898612,48,20
25007,157,253204,102,55
41199,88,1583872,60,28
22832,30,22832,24,6
16460,115,18520,76,39
32444,67,82132,47,20
42317,57,135592,41,16
96132,71,136888,50,21
64487,99,734560,67,32
5878,80,80512,54,26
39554,137,59332,90,47
4923,72,24928,49,23
4687,152,47464,98,54
32767,129,28697812,85,44
79944,76,96064,53,23
32007,183,1052512,118,65
31423,108,2324752,72,36
12206,156,41200,101,55
86591,226,1972672,145,81
23528,51,23528,37,14
18444,110,20752,73,37
16525,128,49576,84,44
28203,108,126916,72,36
65553,55,196660,40,15
46143,114,1051216,76,38
61693,135,351376,89,46
82385,58,247156,42,16
20856,87,33424,59,28
83748,89,106000,61,28
60373,42,181120,32,10
25096,38,25096,29,9
38725,62,116176,44,18
49242,158,73864,103,55
52004,127,65824,84,43
68380,130,115396,86,44
94838,76,240064,53,23
91997,146,275992,96,50
97455,177,986740,115,62
94284,84,106072,58,26
15973,53,47920,38,15
93847,40,633472,31,9
22928,30,22928,24,6
66631,143,449764,94,49
52348,109,198772,73,36
99709,190,575728,123,67
88861,71,266584,50,21
86211,89,387952,61,28
69519,143,703888,94,49
45284,114,103336,76,38
81327,182,823444,118,64
12206,156,41200,101,55
89875,71,404440,50,21
12749,125,38248,82,43
21098,56,31648,40,16
3093,123,9280,80,43
53312,34,53312,27,7
22693,206,6810136,132,74
23863,219,2480056,140,79
90397,63,271192,45,18
79508,76,79508,53,23
80153,68,270520,48,20
70470,81,158560,56,25
4927,209,250504,133,76
91300,84,260008,58,26
3970,51,5956,36,15
35734,124,80404,82,42
69856,143,69856,94,49
41744,57,41744,41,16
39877,93,119632,63,30
20324,43,20324,32,11
16429,40,49288,30,10
34579,111,155608,74,37
86487,76,583792,53,23
64141,148,192424,97,51
83830,151,212200,99,52
6365,106,39364,70,36
35350,80,79540,55,25
692,33,692,24,9
95599,102,1088944,69,33
66468,192,575728,124,68
45897,70,232360,49,21
57063,104,731248,70,34
97267,66,437704,47,19
79763,76,358936,53,23
13862,151,31192,98,53
96838,190,1276936,123,67
88303,102,3394708,69,33
63929,86,215764,59,27
83232,182,83232,118,64
41348,150,41348,98,52
3122,61,5272,42,19
83794,112,2324752,75,37
28165,59,84496,42,17
25492,126,25492,83,43
59223,73,399760,51,22
23166,113,263896,75,38
3749,175,250504,112,63
98582,159,221812,104,55
26554,46,39832,34,12
60381,117,181144,78,39
44332,70,49876,49,21
96034,84,144052,58,26
96845,190,1276936,123,67
39561,75,337984,52,23
53866,47,80800,35,12
46687,57,709072,41,16
75911,94,512404,64,30
4676,59,4676,41,18
66707,117,300184,78,39
77987,125,350944,83,42
76217,37,257236,29,8
10069,42,30208,31,11
54461,91,163384,62,29
46419,114,2007664,76,38
26207,139,398032,91,48
288,24,288,18,6
22338,162,33508,105,57
20667,180,104632,116,64
1162,119,9232,77,42
90072,63,90072,45,18
98065,97,294196,66,31
38752,75,39364,52,23
82064,151,82064,99,52
89390,133,301696,88,45
14759,45,112084,33,12
65781,42,197344,32,10
3179,79,14308,53,26
31832,98,31832,66,32
2177,138,9232,89,49
33655,67,227176,47,20
26628,170,26628,110,60
52551,202,673432,130,72
44911,101,511576,68,33
90418,63,152584,45,18
58252,21,65536,19,2
35423,80,538000,55,25
11985,81,35956,55,26
89313,164,1144528,107,57
61387,60,276244,43,17
83292,151,140560,99,52
7136,75,9232,51,24
321,24,964,18,6
94172,128,158920,85,43
21685,118,65056,78,40
55914,153,83872,100,53
88775,58,599236,42,16
21890,43,32836,32,11
95850,53,143776,39,14
98072,53,98072,39,14
48900,158,48900,103,55
10771,148,48472,96,52
39322,137,58984,90,47
85963,76,386836,53,23
41778,62,70504,44,18
46251,145,208132,95,50
73035,156,328660,102,54
40131,93,180592,63,30
81932,182,92176,118,64
49347,96,675376,65,31
2538,40,3808,29,11
84763,226,3258628,145,81
15217,32,45652,25,7
84150,151,539188,99,52
3010,40,8584,29,11
89905,164,269716,107,57
29328,46,29328,34,12
14210,58,21316,41,17
48444,96,122632,65,31
15030,208,146500,133,75
67614,205,342304,132,73
79444,45,79444,34,11
56998,104,410884,70,34
62560,104,62560,70,34
64893,68,246400,48,20
70410,81,105616,56,25
8636,127,41524,83,44
33066,160,49600,104,56
33784,160,144340,104,56
34153,85,259360,58,27
58742,73,211732,51,22
51503,109,521476,73,36
29093,134,95956,88,46
17654,123,44692,81,42
98000,66,98000,47,19
99565,40,298696,31,9
40470,181,91060,117,64
86484,164,86484,107,57
59755,73,268900,51,22
29979,209,1641040,134,75
87593,239,3788368,153,86
94544,27,94544,23,4
43170,163,64756,106,57
48288,70,48288,49,21
54746,140,82120,92,48
5544,36,5544,27,9
56393,135,1465108,89,46
21068,43,23704,32,11
51034,83,76552,57,26
45257,114,229120,76,38
90634,133,135952,88,45
69346,143,104020,94,49
22192,69,22192,48,21
86804,164,86804,107,57
72743,143,552400,94,49
86594,71,129892,50,21
28993,72,86980,50,22
81532,200,8153620,129,71
48804,96,593728,65,31
63478,130,651544,86,44
13211,76,150496,52,24
83330,107,124996,72,35
26271,245,3455296,156,89
62009,135,209284,89,46
5198,147,19744,95,52
7453,70,22360,48,22
41487,62,420064,44,18
14860,40,16720,30,10
27237,183,1276936,118,65
31900,147,60568,96,51
32084,116,32084,77,39
67709,112,257092,75,37
16664,128,16664,84,44
93077,146,279232,96,50
19054,198,695464,127,71
11086,205,250504,131,74
30565,33,91696,26,7
89746,71,227176,50,21
59096,73,59096,51,22
69518,143,234628,94,49
21154,56,50848,40,16
5248,116,9232,76,40
10554,148,15832,96,52
20812,180,33352,116,64
95382,53,214612,39,14
6136,62,39364,43,19
5574,36,12544,27,9
79268,76,150496,53,23
7190,70,16180,48,22
80078,68,1154464,48,20
43647,176,1791880,114,62
76624,125,76624,83,42
53688,96,86020,65,31
68313,174,230560,113,61
27565,152,82696,99,53
28836,72,82132,50,22
61588,135,61588,89,46
7698,132,24676,86,46
80166,213,180376,137,76
73923,94,332656,64,30
17047,128,115072,84,44
57824,122,57824,81,41
73581,143,220744,94,49
53371,122,410884,81,41
9616,60,9616,42,18
5061,41,15184,30,11
76437,107,275560,72,35
60520,42,60520,32,10
71118,125,1025296,83,42
61159,86,991924,59,27
34783,85,528280,58,27
85710,195,2780224,126,69
78534,138,176704,91,47
58256,122,58256,81,41
72685,156,218056,102,54
56919,52,384208,38,14
84285,195,252856,126,69
79559,76,537028,53,23
85550,164,288736,107,57
81423,138,824416,91,47
25257,232,6221608,148,84
30006,90,547540,61,29
6639,75,127636,51,24
37420,199,250504,128,71
33378,116,50068,77,39
43117,150,184192,98,52
36635,98,2112640,66,32
82292,58,82292,42,16
23383,105,157840,70,35
56064,60,56064,43,17
22395,74,113380,51,23
67790,112,651544,75,37
865,147,9232,94,53
99573,40,298720,31,9
40223,93,610900,63,30
13667,58,61504,41,17
20956,105,35368,70,35
81846,76,310768,53,23
69591,112,469744,75,37
66472,68,66472,48,20
88315,146,4297048,96,50
43299,70,194848,49,21
63109,104,189328,70,34
48925,158,146776,103,55
16710,128,37600,84,44
9727,91,747952,61,30
60825,60,205288,43,17
40543,75,615760,52,23
20246,180,45556,116,64
34754,160,634228,104,56
79789,120,647080,80,40
21317,56,63952,40,16
84699,107,814048,72,35
15961,97,53872,65,32
30792,134,30792,88,46
25217,64,107728,45,19
32468,41,32468,31,10
64428,47,91744,35,12
62048,55,62048,40,15
73291,156,329812,102,54
47015,251,50143264,160,91
4079,64,69712,44,20
78390,200,1004560,129,71
50520,65,50520,46,19
4043,25,18196,20,5
49053,145,149200,95,50
14390,120,599056,79,41
95962,190,143944,123,67
68112,42,68112,32,10
93716,146,93716,96,50
50734,202,171232,130,72
34755,160,634228,104,56
18625,110,55876,73,37
85887,89,2934952,61,28
26682,183,250504,118,65
89525,133,268576,88,45
81007,275,28410568,175,100
24705,144,84544,94,50
94914,177,192436,115,62
94109,84,282328,58,26
7494,88,16864,59,29
69640,174,69640,113,61
54384,122,176740,81,41
2995,48,13480,34,14
69281,205,207844,132,73
47235,114,212560,76,38
47292,114,227284,76,38
92869,146,278608,96,50
5595,129,42496,84,45
7372,132,9232,86,46
47316,26,47316,22,4
83565,63,250696,45,18
79527,213,11927896,137,76
16627,190,269728,122,68
86006,195,619972,126,69
7131,194,54160,124,70
6829,150,20488,97,53
57515,135,897856,89,46
52665,140,177748,92,48
17884,48,30184,35,13
43060,119,43060,79,40
84079,213,2045464,137,76
42933,75,128800,52,23
61270,86,137860,59,27
75987,138,462184,91,47
85960,58,85960,42,16
2036,50,4372,35,15
40746,36,61120,28,8
17242,172,1276936,111,61
52976,171,190996,111,60
23155,113,281716,75,38
25626,64,38440,45,19
44951,163,303424,106,57
98603,97,899584,66,31
56397,83,169192,57,26
99228,190,282580,123,67
13332,32,13332,25,7
63928,86,63928,59,27
86227,76,388024,53,23
84720,151,84720,99,52
63015,104,478528,70,34
39347,106,177064,71,35
70412,81,79216,56,25
54479,96,551608,65,31
12255,63,186136,44,19
55735,109,376216,73,36
28622,51,163024,37,14
76442,107,275560,72,35
46122,145,69184,95,50
81419,138,366388,91,47
60198,91,135448,62,29
84578,151,126868,99,52
94635,221,1151152,142,79
42432,31,42432,25,6
99246,71,334960,50,21
4838,59,13120,41,18
90026,177,250504,115,62
83164,89,140344,61,28
71233,99,213700,67,32
48995,114,220480,76,38
79080,138,79080,91,47
12616,94,45520,63,31
1467,140,9232,90,50
30772,54,30772,39,15
83887,89,849364,61,28
65912,161,400948,105,56
98567,97,665332,66,31
20747,87,93364,59,28
88423,102,2266216,69,33
60740,179,60740,116,63
98188,53,110464,39,14
73370,156,110056,102,54
1894,37,4264,27,10
30574,72,103192,50,22
96908,71,109024,50,21
40875,150,183940,98,52
77363,138,954016,91,47
99957,190,299872,123,67
87461,120,262384,80,40
33368,129,33368,85,44
21200,30,21200,24,6
91405,84,274216,58,26
74329,94,357208,64,30
57725,73,219184,51,22
86134,76,218032,53,23
36406,248,5314408,158,90
98233,53,331540,39,14
15990,53,40480,38,15
28932,165,28932,107,58
9291,34,41812,26,8
38368,75,38368,52,23
79879,138,539188,91,47
90478,102,1100608,69,33
79482,169,190996,110,59
76299,55,343348,40,15
30134,116,217240,77,39
27053,38,81160,29,9
85490,58,162304,42,16
40476,75,68308,52,23
82667,120,470824,80,40
96623,84,1100608,58,26
57657,78,246292,54,24
4634,33,6952,25,8
17305,53,58408,38,15
97821,159,293464,104,55
46547,83,209464,57,26
7009,181,575728,116,65
48292,44,137536,33,11
27406,59,92500,42,17
36387,142,163744,93,49
90910,84,460240,58,26
20828,105,35152,70,35
33041,191,190996,123,68
60355,148,271600,97,51
78544,138,78544,91,47
18158,185,1276936,119,66
97694,102,2112640,69,33
35316,173,190996,112,61
35933,186,138400,120,66
21165,56,63496,40,16
14415,71,145960,49,22
14328,102,103336,68,34
947,36,4264,26,10
14694,164,33064,106,58
27242,64,40864,45,19
95791,221,2761936,142,79
15541,40,46624,30,10
72256,42,72256,32,10
64758,161,163924,105,56
41204,150,41204,98,52
25082,64,71440,45,19
61862,210,190996,135,75
11351,130,76624,85,45
55513,184,187360,119,65
56810,91,85216,62,29
97558,71,219508,50,21
42833,49,128500,36,13
28370,59,107728,42,17
31729,103,95188,69,34
17577,247,975400,157,90
29002,72,69712,50,22
83385,45,281428,34,11
391,120,9232,77,43
87536,164,87536,107,57
45437,163,172528,106,57
11570,81,19528,55,26
13030,50,29320,36,14
22491,69,170800,48,21
45876,31,45876,25,6
5868,142,9232,92,50
80821,89,242464,61,28
99516,97,251908,66,31
9122,60,13684,42,18
1540,34,1540,25,9
91025,177,273076,115,62
17028,40,18196,30,10
74230,143,1605256,94,49
8922,96,14308,64,32
50436,65,50436,46,19
10311,86,111508,58,28
63966,161,1844368,105,56
96445,128,586600,85,43
69923,55,314656,40,15
97800,159,97800,104,55
93949,133,601972,88,45
82840,58,82840,42,16
12243,174,8153620,112,62
8948,91,8948,61,30
71467,143,321604,94,49
61817,210,9635920,135,75
48786,70,123496,49,21
508,48,4372,33,15
66973,68,429136,48,20
27152,38,27152,29,9
11619,50,52288,36,14
74287,169,1807252,110,59
16123,190,137752,122,68
7355,101,59668,67,34
30980,54,30980,39,15
86437,195,259312,126,69
79377,138,238132,91,47
52775,127,400768,84,43
5038,85,17008,57,28
28634,77,42952,53,24
24496,64,24496,45,19
64551,192,490192,124,68
81385,120,1670596,80,40
36484,62,36484,44,18
73374,169,371464,110,59
34070,41,76660,31,10
7371,44,33172,32,12
71948,81,80944,56,25
39134,181,1355668,117,64
96036,84,121552,58,26
95762,221,552904,142,79
693,33,2080,24,9
28927,77,1482784,53,24
99783,190,809188,123,67
73985,156,221956,102,54
43391,75,1482784,52,23
49594,140,74392,92,48
75610,156,113416,102,54
5210,103,9232,68,35
6534,137,14704,89,48
86598,71,194848,50,21
7212,44,8116,32,12
9928,42,9928,31,11
77464,107,176740,72,35
24595,51,110680,37,14
74853,200,250504,129,71
77714,63,196720,45,18
76383,200,1160080,129,71
7934,52,135592,37,15
40697,88,154528,60,28
65450,68,98176,48,20
67617,205,202852,132,73
6090,36,9136,27,9
56549,109,169648,73,36
26124,139,29392,91,48
7798,145,19744,94,51
50014,158,253204,103,55
8347,65,95092,45,20
85415,102,648628,69,33
33673,98,215764,66,32
17654,123,44692,81,42
49557,189,190996,122,67
26141,139,78424,91,48
1185,150,21688,96,54
34494,80,261952,55,25
44149,163,132448,106,57
24847,95,251584,64,31
22196,69,22196,48,21
5607,67,63880,46,21
3957,51,11872,36,15
16556,159,18628,103,56
90386,115,651544,77,38
18691,185,575728,119,66
58503,166,394900,108,58
48850,202,225988,130,72
26348,170,33352,110,60
98726,159,222136,104,55
91322,32,136984,26,6
49057,158,147172,103,55
63852,99,136384,67,32
98235,53,497320,39,14
81503,37,1237840,29,8
96634,45,144952,34,11
81419,138,366388,91,47
70212,143,70212,94,49
41851,132,402244,87,45
78546,138,298240,91,47
27844,59,27844,42,17
62321,86,186964,59,27
29794,116,44692,77,39
39517,137,118552,90,47
17858,97,85840,65,32
19628,136,22084,89,47
61823,91,2112640,62,29
84102,89,189232,61,28
91562,32,137344,26,6
52249,277,2480056,176,101
55799,259,2480056,165,94
93369,115,3234328,77,38
44117,132,132352,87,45
75319,86,1447792,59,27
87903,102,1335040,69,33
28558,103,96388,69,34
71335,55,609424,40,15
75164,231,481624,148,83
78003,50,351016,37,13
42615,88,287656,60,28
12721,107,39364,71,36
57609,135,350404,89,46
72096,50,72096,37,13
84695,151,571696,99,52
96453,190,289360,123,67
87594,45,131392,34,11
35893,49,107680,36,13
77243,169,391048,110,59
77607,81,796552,56,25
925,129,9232,83,46
51323,96,259828,65,31
26479,152,815344,99,53
71043,99,319696,67,32
46419,114,2007664,76,38
62218,86,93328,59,27
90141,63,270424,45,18
80847,138,818584,91,47
73763,50,331936,37,13
11782,81,26512,55,26
5516,129,9232,84,45
36134,49,81304,36,13
82509,89,247528,61,28
97629,66,292888,47,19
76947,200,1404052,129,71
85059,151,382768,99,52
9096,21,9096,18,3
88584,133,88584,88,45
20471,118,560356,78,40
43130,31,64696,25,6
8532,34,8532,26,8
37039,155,375028,101,54
87940,164,125224,107,57
42675,57,192040,41,16
94659,314,106358020,199,115
82477,213,247432,137,76
29832,72,29832,50,22
57175,153,385936,100,53
11280,37,11280,28,9
38221,106,275560,71,35
60611,135,272752,89,46
52720,140,52720,92,48
53052,140,134296,92,48
72014,99,831544,67,32
56653,104,169960,70,34
65525,161,1276936,105,56
82937,151,531412,99,52
6471,168,6810136,108,60
67599,130,684448,86,44
41799,137,572020,90,47
53474,140,80212,92,48
19881,74,339712,51,23
44440,132,44440,87,45
14309,76,42928,52,24
91564,71,103012,50,21
96257,146,288772,96,50
35082,142,52624,93,49
75243,231,10983112,148,83
50384,65,50384,46,19
9838,104,95956,69,35
52152,52,52152,38,14
36825,49,124288,36,13
33074,41,55816,31,10
97625,40,329488,31,9
93649,146,280948,96,50
26300,77,66580,53,24
99994,159,149992,104,55
58862,122,198664,81,41
30064,90,30064,61,29
69454,112,375496,75,37
68473,112,584980,75,37
14507,71,65284,49,22
94342,84,212272,58,26
79855,120,1364416,80,40
26027,126,117124,83,43
27673,90,133000,61,29
38418,75,97252,52,23
52414,140,398032,92,48
65067,130,292804,86,44
59214,210,250504,135,75
50972,83,86020,57,26
27282,64,69064,45,19
28092,196,250504,126,70
50495,109,1150360,73,36
18611,92,83752,62,30
1080,44,1080,31,13
95387,159,1086532,104,55
46752,101,46752,68,33
86127,164,2483296,107,57
55433,114,710368,76,38
30952,147,30952,96,51
80864,182,138400,118,64
78292,138,78292,91,47
59873,73,341008,51,22
7236,57,7236,40,17
82734,151,279232,99,52
62713,148,238120,97,51
21474,74,32212,51,23
67568,161,144340,105,56
79824,138,79824,91,47
32231,129,367144,85,44
84574,226,695464,145,81
92589,146,277768,96,50
68877,174,206632,113,61
40645,44,121936,33,11
48665,145,164248,95,50
45204,88,45204,60,28
66678,68,168784,48,20
25426,108,217240,72,36
84818,133,724624,88,45
85962,58,128944,42,16
97650,71,164788,50,21
69807,112,706804,75,37
42815,194,975400,125,69
70220,143,79000,94,49
49647,189,6114580,122,67
39885,119,345544,79,40
95346,128,160900,85,43
69323,174,311956,113,61
21651,69,97432,48,21
94243,102,424096,69,33
9191,60,104704,42,18
38197,106,114592,71,35
39450,75,59176,52,23
39662,49,133864,36,13
29710,72,100276,50,22
80429,120,241288,80,40
75180,156,84580,102,54
9944,73,9944,50,23
43241,75,328372,52,23
45761,83,137284,57,26
21043,105,94696,70,35
43895,57,296296,41,16
6870,150,24784,97,53
61079,34,412288,27,7
56760,60,56760,43,17
44307,44,199384,33,11
55372,78,94768,54,24
20919,149,141208,97,52
28380,59,47896,42,17
90811,164,459736,107,57
83233,151,249700,99,52
2963,35,13336,26,9
13852,107,23380,71,36
45748,83,45748,57,26
52350,109,596320,73,36
70833,81,212500,56,25
56357,65,304720,46,19
14746,133,22120,87,46
5731,28,25792,22,6
13922,58,20884,41,17
98431,221,3363604,142,79
71139,37,320128,29,8
83112,151,83112,99,52
19024,79,19024,54,25
45350,88,102040,60,28
81534,200,8153620,129,71
83287,151,562192,99,52
41980,88,538000,60,28
22838,82,208384,56,26
14998,89,33748,60,29
88604,195,575728,126,69
45040,163,144340,106,57
20924,131,67048,86,45
8877,96,26632,64,32
60974,135,205792,89,46
2888,48,2888,34,14
63724,55,80656,40,15
42423,225,2480056,144,81
51414,109,593728,73,36
2842,35,4264,26,9
28757,121,86272,80,41
71577,50,241576,37,13
10305,148,30916,96,52
30342,134,68272,88,46
4759,77,32128,52,25
17011,84,76552,57,27
60759,86,410128,59,27
31659,103,142468,69,34
49003,158,220516,103,55
1376,34,1376,25,9
99486,66,503656,47,19
22093,131,66280,86,45
491,141,9232,90,51
3730,69,9448,47,22
5975,49,40336,35,14
85217,107,1092040,72,35
83861,89,251584,61,28
96871,159,1655152,104,55
21399,48,144448,35,13
34651,134,320488,88,46
21293,56,63880,40,16
3160,79,9232,53,26
98163,115,441736,77,38
62767,135,2290516,89,46
94888,53,94888,39,14
17066,35,25600,27,8
21639,74,156004,51,23
1074,23,1816,18,5
46512,145,46512,95,50
84308,58,84308,42,16
29321,103,250504,69,34
69877,143,209632,94,49
34925,129,149200,85,44
81721,151,275812,99,52
40735,137,618676,90,47
68117,42,204352,32,10
40026,181,250504,117,64
94504,128,345544,85,43
2160,45,2160,32,13
48941,114,146824,76,38
79437,138,238312,91,47
76977,76,230932,53,23
14679,195,190996,125,70
61076,86,61076,59,27
47205,52,141616,38,14
12022,42,30436,31,11
6773,36,20320,27,9
67164,68,113344,48,20
73756,50,124468,37,13
23465,144,400948,94,50
51138,202,145636,130,72
30233,90,102040,61,29
61498,60,92248,43,17
74025,187,843208,121,66
51449,127,195352,84,43
84518,63,190168,45,18
902,54,4372,37,17
87981,151,634228,99,52
83598,138,572020,91,47
2882,141,9232,91,50
29864,90,29864,61,29
5623,59,40552,41,18
1379,127,9232,82,45
83169,213,1080376,137,76
93848,107,93848,72,35
71187,174,320344,113,61
45202,114,217240,76,38
59252,135,59252,89,46
72573,94,275560,64,30
39256,137,39256,90,47
63213,192,250504,124,68
50211,39,225952,30,9
22500,162,22500,105,57
51629,78,154888,54,24
61361,60,184084,43,17
4604,59,39364,41,18
93310,146,1276936,96,50
85474,151,128212,99,52
12633,63,42640,44,19
30608,85,39364,58,27
91874,84,137812,58,26
65757,192,399976,124,68
46995,57,211480,41,16
63383,55,427840,40,15
70355,130,316600,86,44
56345,65,190168,46,19
53776,47,53776,35,12
7350,101,31408,67,34
71155,125,410884,83,42
27465,64,139048,45,19
42625,150,409696,98,52
37345,137,345544,90,47
83792,151,83792,99,52
24300,64,30760,45,19
47976,52,47976,38,14
1463,140,9880,90,50
81442,89,122164,61,28
90457,63,305296,45,18
81789,182,1276936,118,64
40582,36,91312,28,8
71290,99,114208,67,32
14176,58,14176,41,17
6192,124,9232,81,43
83435,195,5780212,126,69
84519,63,641824,45,18
80159,213,1217428,137,76
66538,55,99808,40,15
47646,127,241216,84,43
23284,144,23284,94,50
86972,182,27114424,118,64
92760,146,92760,96,50
59124,210,250504,135,75
30025,64,152008,45,19
49631,96,954016,65,31
30735,178,311200,115,63
516,123,9232,79,44
66728,130,66728,86,44
97801,128,2007664,85,43
46217,176,1998916,114,62
71834,94,107752,64,30
58756,166,79432,108,58
27857,64,100420,45,19
73871,81,747952,56,25
24163,69,108736,48,21
6009,93,61720,62,31
7988,52,7988,37,15
62533,42,187600,32,10
96503,45,651400,34,11
3333,30,10000,23,7
66324,42,66324,32,10
38991,124,394792,82,42
9874,135,25000,88,47
82543,182,940228,118,64
85762,151,128644,99,52
36445,62,109336,44,18
35341,98,106024,66,32
5034,41,7552,30,11
73325,94,219976,64,30
15690,177,190996,114,63
87135,195,1323376,126,69
95240,102,95240,69,33
67,27,304,19,8
45247,238,1567348,152,86
7534,88,25432,59,29
80640,45,80640,34,11
70153,81,355156,56,25
59659,117,268468,78,39
38499,49,173248,36,13
11773,174,190996,112,62
89386,115,134080,77,38
49037,52,147112,38,14
58532,60,166696,43,17
12941,50,38824,36,14
16933,203,695464,130,73
95306,115,1100608,77,38
56828,153,485512,100,53
61432,117,897856,78,39
24649,95,899584,64,31
32967,98,237652,66,32
27778,46,41668,34,12
32568,160,46384,104,56
17175,128,115936,84,44
42599,163,3934960,106,57
59200,135,59200,89,46
13799,63,157192,44,19
65365,55,196096,40,15
17559,141,118528,92,49
61085,86,183256,59,27
44238,101,377944,68,33
65498,130,98248,86,44
179,31,808,22,9
86007,195,619972,126,69
17119,79,260008,54,25
22617,113,76336,75,38
799,72,12148,48,24
7602,31,12832,24,7
25364,82,25364,56,26
2796,66,3544,45,21
97463,159,657880,104,55
45265,145,176740,95,50
72834,50,109252,37,13
3085,35,9256,26,9
95866,97,345544,66,31
76647,94,2946616,64,30
732,95,9232,62,33
1130,18,1696,15,3
28023,152,189160,99,53
1606,21,3616,17,4
77507,125,348784,83,42
44131,101,198592,68,33
29266,59,166696,42,17
32331,147,145492,96,51
68470,112,173320,75,37
15188,40,15188,30,10
25792,25,25792,21,4
90437,89,271312,61,28
70611,156,815344,102,54
91963,32,465568,26,6
39868,75,255472,52,23
894,98,39364,64,34
99695,97,1616920,66,31
19774,242,975400,154,88
4240,126,9232,82,44
20864,30,20864,24,6
51416,78,164752,54,24
68969,205,523744,132,73
60431,91,611872,62,29
1516,60,2752,41,19
97207,71,656152,50,21
14606,164,49300,106,58
56241,153,168724,100,53
5587,111,25144,73,38
31187,85,140344,58,27
26929,90,80788,61,29
98265,66,331648,47,19
83088,89,83088,61,28
87030,71,247840,50,21
20712,43,20712,32,11
54963,153,247336,100,53
20040,92,20040,62,30
36562,93,138832,63,30
75484,156,127384,102,54
97872,66,97872,47,19
81396,182,81396,118,64
88659,239,639088,153,86
1578,29,2368,22,7
28351,64,645892,45,19
33799,129,228148,85,44
97435,159,1109860,104,55
81418,37,122128,29,8
10786,68,16180,47,21
72228,99,1482784,67,32
61958,148,139408,97,51
65432,68,65432,48,20
17298,53,43792,38,15
71895,94,485296,64,30
63773,148,191320,97,51
19582,74,223072,51,23
55193,153,186280,100,53
1463,140,9880,90,50
64174,73,494080,51,22
15512,53,15512,38,15
76107,200,342484,129,71
48666,158,73000,103,55
44415,207,1517776,133,74
81011,89,364552,61,28
72574,187,2092552,121,66
93666,146,140500,96,50
13387,138,60244,90,48
54461,91,163384,62,29
6222,36,23632,27,9
23475,144,105640,94,50
21046,180,269728,116,64
91320,32,91320,26,6
4923,72,24928,49,23
22707,43,102184,32,11
42772,119,42772,79,40
52336,140,52336,92,48
98016,66,98016,47,19
52950,171,119140,111,60
70715,130,1290328,86,44
95559,76,2324752,53,23
15241,177,146500,114,63
91757,133,275272,88,45
2717,66,8152,45,21
16575,66,377620,46,20
83256,112,320488,75,37
73718,156,359152,102,54
44067,132,198304,87,45
61827,192,278224,124,68
20214,87,51172,59,28
71917,143,215752,94,49
66152,161,66152,105,56
50907,57,386584,41,16
464,22,464,17,5
31974,85,71944,58,27
74695,125,504196,83,42
20652,56,23236,40,16
68695,81,463696,56,25
20009,167,384640,108,59
70475,81,317140,56,25
38186,106,57280,71,35
87925,71,263776,50,21
74418,138,381976,91,47
71140,174,384640,113,61
34981,54,112084,39,15
22505,87,547540,59,28
54971,153,278296,100,53
16767,159,572992,103,56
93923,146,422656,96,50
11696,143,11696,93,50
17797,71,53392,49,22
42544,57,42544,41,16
14560,45,14560,33,12
33140,129,33140,85,44
8803,140,39616,91,49
73844,94,73844,64,30
40206,119,135700,79,40
98751,120,3796360,80,40
34160,67,34160,47,20
11517,130,65608,85,45
50493,109,345544,73,36
29087,77,496996,53,24
30481,178,91444,115,63
52092,78,197800,54,24
47767,96,322432,65,31
38738,75,330964,52,23
9266,109,15640,72,37
70991,81,718792,56,25
91718,71,206368,50,21
15387,115,899584,76,39
37426,199,250504,128,71
43255,150,291976,98,52
89864,208,129760,134,74
53635,122,241360,81,41
86718,76,658528,53,23
47663,75,610792,52,23
86989,133,260968,88,45
99288,97,99288,66,31
87528,164,87528,107,57
75453,156,226360,102,54
10144,42,10144,31,11
91392,40,91392,31,9
15582,71,88756,49,22
67444,161,67444,105,56
29425,134,88276,88,46
88845,195,266536,126,69
41985,119,125956,79,40
41506,44,62260,33,11
62700,104,79360,70,34
26958,90,172744,61,29
25465,139,367144,91,48
23650,82,95956,56,26
42066,88,341152,60,28
92662,84,593728,58,26
34759,142,234628,93,49
5597,67,16792,46,21
16375,128,110536,84,44
3776,38,3776,28,10
27389,64,156004,45,19
21030,180,575728,116,64
83982,120,283444,80,40
53640,47,53640,35,12
14646,164,400948,106,58
31106,85,46660,58,27
13669,58,41008,41,17
15961,97,53872,65,32
11358,161,163780,104,57
64605,73,193816,51,22
51797,52,155392,38,14
15805,76,47416,52,24
14627,120,65824,79,41
28133,108,84400,72,36
7952,26,7952,21,5
6450,62,13120,43,19
19066,53,28600,38,15
9131,153,41092,99,54
89361,164,268084,107,57
62288,104,62288,70,34
51703,171,398032,111,60
36994,186,55492,120,66
31876,54,31876,39,15
6055,93,118096,62,31
99810,66,149716,47,19
48518,127,560356,84,43
76369,200,244672,129,71
29671,72,337984,50,22
49113,52,165760,38,14
88389,71,265168,50,21
89157,71,267472,50,21
28308,59,28308,42,17
67088,68,67088,48,20
47923,189,215656,122,67
63081,254,682072,162,92
93349,58,280048,42,16
79336,50,79336,37,13
26313,77,133216,53,24
66986,130,100480,86,44
57609,135,350404,89,46
89963,71,404836,50,21
40278,93,90628,63,30
31552,54,31552,39,15
89814,102,202084,69,33
56598,104,127348,70,34
45213,88,135640,60,28
9638,122,21688,80,42
43259,75,831544,52,23
35694,72,120472,50,22
9825,47,37312,34,13
26951,183,777112,118,65
23489,82,70468,56,26
216,114,9232,73,41
11524,37,11524,28,9
75901,55,288196,40,15
68690,55,990304,40,15
23835,100,610900,67,33
34475,85,235924,58,27
43067,75,218032,52,23
99872,66,99872,47,19
10401,148,44440,96,52
10346,104,15520,69,35
33897,59,257416,42,17
85431,50,576664,37,13
28900,46,28900,34,12
28230,59,63520,42,17
5584,36,5584,27,9
4898,134,9232,87,47
71538,81,120724,56,25
4568,33,4568,25,8
74808,112,74808,75,37
77240,107,223072,72,35
13330,94,33748,63,31
71793,50,215380,37,13
229,34,688,24,10
90283,45,406276,34,11
82215,76,624328,53,23
37053,142,111160,93,49
57770,60,86656,43,17
46033,132,138100,87,45
88722,102,479680,69,33
33687,67,227392,47,20
76982,94,328840,64,30
98803,146,444616,96,50
63262,179,320272,116,63
2810,84,9232,56,28
41786,62,100420,44,18
36548,36,36548,28,8
42819,57,192688,41,16
71928,143,136564,94,49
65682,99,210436,67,32
79466,45,119200,34,11
89863,71,606580,50,21
95528,146,95528,96,50
37334,155,106324,101,54
16577,115,59776,76,39
39406,75,133000,52,23
94001,146,282004,96,50
73780,112,73780,75,37
31602,41,53332,31,10
67947,112,305764,75,37
67357,68,202072,48,20
52117,52,156352,38,14
62895,86,636820,59,27
34636,54,38968,39,15
7466,88,11200,59,29
56755,60,255400,43,17
97976,190,97976,123,67
92851,177,417832,115,62
85120,58,85120,42,16
92692,58,92692,42,16
38872,124,41524,82,42
62875,148,716200,97,51
77734,107,560356,72,35
29512,103,95956,69,34
80961,138,242884,91,47
48822,158,234628,103,55
65777,42,197332,32,10
70168,143,70168,94,49
75136,125,75136,83,42
44463,93,450196,63,30
61383,73,663712,51,22
90195,208,2194288,134,74
32575,160,742120,104,56
41911,88,282904,60,28
73532,63,186136,45,18
25187,64,113344,45,19
94782,177,719764,115,62
22814,56,115504,40,16
78813,76,236440,53,23
85526,151,192436,99,52
78283,107,352276,72,35
18558,92,211408,62,30
28061,183,269728,118,65
58867,122,264904,81,41
72105,68,1232008,48,20
84578,151,126868,99,52
6081,62,18244,43,19
13855,89,210436,60,29
67696,42,67696,32,10
27026,38,68416,29,9
52983,52,357640,38,14
41082,150,61624,98,52
4369,46,13108,33,13
99622,159,224152,104,55
27095,183,182896,118,65
46041,57,155392,41,16
66767,117,676024,78,39
83054,89,532168,61,28
23992,51,23992,37,14
1302,101,9232,66,35
28611,51,128752,37,14
81464,89,81464,61,28
34679,129,234088,85,44
24467,126,110104,83,43
80441,94,271492,64,30
40876,88,118096,60,28
26082,46,39124,34,12
24355,64,109600,45,19
93298,146,359152,96,50
18301,123,250504,81,42
64385,47,464128,35,12
95028,146,95028,96,50
60893,135,182680,89,46
35526,186,250504,120,66
26533,77,79600,53,24
6465,23,19396,19,4
16563,159,74536,103,56
55515,184,421576,119,65
74220,94,150496,64,30
32635,160,165220,104,56
61,19,184,14,5
9270,91,79216,61,30
63144,55,63144,40,15
23066,144,34600,94,50
2896,22,2896,18,4
80860,89,136456,61,28
12353,112,37060,74,38
49738,114,74608,76,38
96427,97,433924,66,31
32017,46,96052,34,12
61305,210,523744,135,75
11963,143,60568,93,50
33303,67,224800,47,20
85383,50,576340,37,13
4012,43,8584,31,12
19783,74,253528,51,23
67692,112,289168,75,37
39726,119,134080,79,40
9197,153,44224,99,54
43460,57,43460,41,16
87246,133,745360,88,45
78864,45,78864,34,11
32770,54,49156,39,15
24701,144,93796,94,50
80357,120,241072,80,40
76428,107,103336,72,35
5270,54,11860,38,16
43881,163,333232,106,57
8321,52,24964,37,15
49590,65,188296,46,19
76277,107,228832,72,35
35898,49,53848,36,13
58566,47,131776,35,12
30931,209,190996,134,75
57234,52,144880,38,14
82822,151,398032,99,52
14381,71,43144,49,22
76897,156,291976,102,54
70935,174,478816,113,61
55831,91,376864,62,29
5530,129,9232,84,45
94599,53,638548,39,14
82988,89,93364,61,28
49179,220,840292,141,79
6938,31,10408,24,7
39887,75,403864,52,23
49700,96,179152,65,31
76397,138,367144,91,47
90679,208,1276936,134,74
25280,82,25280,56,26
38107,199,289384,128,71
79738,76,255472,53,23
40545,62,153952,44,18
8998,47,20248,34,13
85712,32,85712,26,6
40861,150,122584,98,52
3226,22,4840,18,4
59471,166,602152,108,58
63657,223,1960036,143,80
51881,96,6731584,65,31
61079,34,412288,27,7
88647,120,598372,80,40
76291,55,343312,40,15
56634,104,84952,70,34
26656,33,26656,26,7
43602,150,248344,98,52
3115,61,14020,42,19
26503,77,178900,53,24
49769,96,377944,65,31
48129,145,144388,95,50
20029,66,60088,46,20
55566,140,187540,92,48
83124,107,83124,72,35
35334,80,79504,55,25
3175,198,695464,126,72
35399,173,238948,112,61
35930,186,138400,120,66
4322,33,6484,25,8
95972,53,95972,39,14
55422,91,631312,62,29
72636,99,465424,67,32
23761,100,114208,67,33
11361,81,43144,55,26
10314,148,15472,96,52
85999,195,1469392,126,69
5802,23,8704,19,4
14131,102,63592,68,34
14272,76,14272,52,24
16076,27,18088,22,5
18985,53,243304,38,15
88096,133,88096,88,45
60943,86,617056,59,27
12862,125,97684,82,43
98971,283,79165024,180,103
82204,76,296296,53,23
71377,99,214132,67,32
61248,60,61248,43,17
69102,130,233224,86,44
20978,56,39832,40,16
50618,57,75928,41,16
57474,153,86212,100,53
86655,89,3331348,61,28
88178,146,158920,96,50
72903,187,492100,121,66
92173,177,276520,115,62
15631,133,158272,87,46
20057,48,67696,35,13
7383,70,49840,48,22
55740,153,158740,100,53
81686,89,183796,61,28
48640,114,48640,76,38
59839,166,6218260,108,58
46042,57,69064,41,16
993,93,8080,61,32
72395,94,325780,64,30
67658,60,101488,43,17
27161,38,91672,29,9
45157,207,695464,133,74
51376,127,51376,84,43
86443,76,553876,53,23
19573,136,58720,89,47
4137,95,59668,63,32
61869,86,185608,59,27
82264,89,82264,61,28
32168,72,32168,50,22
15480,146,19600,95,51
31377,147,94132,96,51
4824,72,5812,49,23
70457,81,237796,56,25
19586,167,29380,108,59
17273,110,560356,73,37
26620,170,575728,110,60
75070,86,962008,59,27
39896,168,182068,109,59
3721,69,80512,47,22
19268,123,19268,81,42
15697,177,190996,114,63
29969,165,89908,107,58
53365,184,250504,119,65
23346,82,39400,56,26
51568,26,51568,22,4
91230,84,584548,58,26
61608,55,61608,40,15
19386,74,39364,51,23
83659,288,11003416,183,105
66901,37,200704,29,8
68245,174,204736,113,61
65426,130,283336,86,44
78519,169,530008,110,59
82845,63,248536,45,18
32920,116,32920,77,39
90698,89,136048,61,28
57197,60,171592,43,17
79402,45,119104,34,11
496,110,9232,71,39
44756,70,44756,49,21
67685,86,203056,59,27
33325,160,99976,104,56
78930,107,505744,72,35
1553,122,9232,79,43
51273,163,1052512,106,57
35854,93,121012,63,30
32925,54,98776,39,15
74463,112,1130920,75,37
96388,97,96388,66,31
23890,250,497176,159,91
54676,60,54676,43,17
73592,68,157192,48,20
70191,218,899476,140,78
22635,144,367144,94,50
32364,191,92176,123,68
63753,223,6810136,143,80
77005,50,231016,37,13
56399,109,571048,73,36
98459,234,1121524,150,84
40719,36,412288,28,8
82917,63,248752,45,18
26871,95,181384,64,31
37395,36,168280,28,8
52058,52,78088,38,14
79796,169,182068,110,59
80410,120,120616,80,40
13017,138,43936,90,48
42138,44,63208,33,11
154,23,232,17,6
7854,83,26512,56,27
12380,37,20896,28,9
15793,40,47380,30,10
38368,75,38368,52,23
18101,40,54304,30,10
63457,130,549556,86,44
11050,130,16576,85,45
787,59,3544,40,19
69905,143,209716,94,49
30700,178,43720,115,63
47692,52,53656,38,14
37041,49,111124,36,13
92991,115,2118472,77,38
57987,73,260944,51,22
38763,80,174436,55,25
23601,51,70804,37,14
94775,84,1214512,58,26
90778,208,6810136,134,74
19811,43,89152,32,11
85704,32,85704,26,6
87348,164,1276936,107,57
57205,52,171616,38,14
20086,43,50848,32,11
46855,176,316276,114,62
74798,112,252448,75,37
84270,45,284416,34,11
39780,75,39780,52,23
56208,60,56208,43,17
94616,84,95956,58,26
33981,85,101944,58,27
56118,184,319624,119,65
14142,58,120832,41,17
9345,184,575728,118,66
15897,53,53656,38,15
89354,164,134032,107,57
29814,72,75472,50,22
84432,151,84432,99,52
65680,161,65680,105,56
10682,148,21688,96,52
72904,63,72904,45,18
3229,74,39364,50,24
4583,90,223072,60,30
78684,169,132784,110,59
11398,68,25648,47,21
38800,168,1276936,109,59
37012,111,37012,74,37
79184,32,79184,26,6
93255,159,629476,104,55
44265,44,336148,33,11
42318,132,651544,87,45
47915,96,215620,65,31
84634,58,135592,42,16
45255,207,305476,133,74
40097,75,385396,52,23
53786,47,80680,35,12
52345,171,298132,111,60
82644,58,82644,42,16
68547,143,308464,94,49
71092,99,71092,67,32
65604,161,65604,105,56
28413,152,182068,99,53
51659,171,232468,111,60
99842,53,149764,39,14
49550,96,200932,65,31
11550,130,58480,85,45
71217,73,213652,51,22
25740,77,28960,53,24
21210,149,31816,97,52
87969,71,263908,50,21
15117,84,45352,57,27
20046,66,76120,46,20
26328,139,26328,91,48
35710,124,2316760,82,42
43618,70,65428,49,21
60140,65,76120,46,19
26906,46,40360,34,12
64149,161,250504,105,56
72604,187,662416,121,66
98096,159,98096,104,55
42920,75,42920,52,23
83522,89,125284,61,28
92906,146,139360,96,50
83401,45,422224,34,11
88151,195,595024,126,69
58447,166,591784,108,58
52429,140,157288,92,48
47895,96,323296,65,31
81150,169,3509728,110,59
6448,23,6448,19,4
5500,41,20896,30,11
39042,49,58564,36,13
31316,54,31316,39,15
1300,26,1300,20,6
4995,90,22480,60,30
95415,128,644056,85,43
81164,37,91312,29,8
7490,163,21688,105,58
91648,40,91648,31,9
32356,28,32356,23,5
73806,218,280240,140,78
68368,68,68368,48,20
77356,76,123928,53,23
90350,115,304936,77,38
87174,58,196144,42,16
1997,50,5992,35,15
44388,70,44388,49,21
3090,61,7828,42,19
98828,115,111184,77,38
20660,56,20660,40,16
45179,114,228724,76,38
95966,221,1497688,142,79
81269,182,243808,118,64
85043,63,382696,45,18
70727,125,725920,83,42
70112,81,70112,56,25
34566,173,77776,112,61
89243,94,1373920,64,30
22885,82,68656,56,26
17200,27,17200,22,5
60039,91,405268,62,29
57787,73,292552,51,22
49295,220,499120,141,79
78016,138,78016,91,47
34179,67,153808,47,20
12666,169,250504,109,60
535,22,3616,17,5
91829,177,275488,115,62
36133,49,108400,36,13
36111,186,365632,120,66
58755,135,264400,89,46
63581,55,190744,40,15
22470,87,50560,59,28
64017,55,192052,40,15
46234,145,69352,95,50
66709,161,200128,105,56
58233,135,839536,89,46
93451,221,420532,142,79
86438,195,194488,126,69
34410,28,51616,23,5
19325,123,73384,81,42
8739,47,39328,34,13
24055,144,162376,94,50
29710,72,100276,50,22
85644,50,96352,37,13
364,94,9232,61,33
10359,117,95956,77,40
3241,167,83104,107,60
72202,50,108304,37,13
45690,132,68536,87,45
1937,50,5812,35,15
91075,89,409840,61,28
43966,101,333880,68,33
77535,156,1177576,102,54
883,28,3976,21,7
20225,43,60676,32,11
30826,54,46240,39,15
70741,99,212224,67,32
28886,103,138832,69,34
40057,137,228148,90,47
3204,61,4372,42,19
60242,65,514672,46,19
2245,45,6736,32,13
98323,97,442456,66,31
68620,68,77200,48,20
21585,162,64756,105,57
8522,78,12784,53,25
50018,158,75028,103,55
33542,67,75472,47,20
29064,72,39364,50,22
70269,81,675376,56,25
64953,68,219220,48,20
93055,177,4024564,115,62
39564,124,44512,82,42
39753,75,201256,52,23
95234,128,217240,85,43
2568,27,2568,21,6
16122,97,39364,65,32
1675,135,9232,87,48
76412,94,489616,64,30
66276,68,66276,48,20
67082,68,100624,48,20
29141,46,87424,34,12
9328,34,9328,26,8
70664,81,70664,56,25
23332,82,29536,56,26
23005,56,69016,40,16
10493,104,59776,69,35
54798,140,184948,92,48
58096,104,176740,70,34
13750,89,223072,60,29
63218,86,270052,59,27
89045,120,267136,80,40
9046,91,28996,61,30
20117,43,60352,32,11
18668,35,23632,27,8
75058,156,126664,102,54
74206,143,1426408,94,49
27303,183,262420,118,65
11284,37,11284,28,9
30936,85,223072,58,27
72535,81,489616,56,25
94343,84,636820,58,26
31625,85,512944,58,27
13441,89,43072,60,29
46502,176,104632,114,62
87334,133,196504,88,45
1270,31,3220,23,8
7869,101,23608,67,34
30252,85,34036,58,27
77910,169,175300,110,59
84524,58,95092,42,16
38730,106,176740,71,35
15735,53,106216,38,15
42430,57,322216,41,16
41338,181,62008,117,64
40326,88,90736,60,28
83601,107,250804,72,35
62515,135,281320,89,46
8434,57,40552,40,17
9112,60,9112,42,18
63754,55,95632,40,15
80584,138,80584,91,47
73621,63,220864,45,18
21752,69,69712,48,21
16454,40,37024,30,10
85845,76,257536,53,23
38969,49,131524,36,13
30078,271,9635920,172,99
34776,186,225988,120,66
58145,78,174436,54,24
48571,52,245896,38,14
46098,176,116692,114,62
24504,64,24504,45,19
2780,128,9232,83,45
86841,71,293092,50,21
756,108,9232,70,38
39264,137,39264,90,47
55088,60,55088,43,17
42282,106,63424,71,35
51483,158,1319488,103,55
54858,60,82288,43,17
17401,79,111508,54,25
40116,44,40116,33,11
14250,76,21376,52,24
46826,145,70240,95,50
24601,232,250504,148,84
37707,155,169684,101,54
19223,167,129760,108,59
99042,40,148564,31,9
41140,57,41140,41,16
41303,150,278800,98,52
94685,177,284056,115,62
87839,58,1334068,42,16
68160,81,68160,56,25
8647,52,58372,37,15
13544,37,13544,28,9
94497,115,283492,77,38
22786,131,34180,86,45
78354,200,198340,129,71
31407,85,318004,58,27
88993,94,811924,64,30
51429,171,154288,111,60
23778,51,35668,37,14
57940,73,57940,51,22
53027,78,238624,54,24
86451,164,389032,107,57
29554,72,49876,50,22
23549,126,381976,83,43
63222,104,547540,70,34
37266,155,94336,101,54
40702,181,695464,117,64
51288,52,51288,38,14
6728,44,6728,32,12
50718,57,256768,41,16
32428,67,36484,47,20
16693,128,50080,84,44
31626,54,47440,39,15
24919,38,168208,29,9
41137,88,123412,60,28
52410,140,78616,92,48
15578,84,23368,57,27
85156,58,242512,42,16
99247,40,1004884,31,9
81732,182,1276936,118,64
27690,152,41536,99,53
11155,42,50200,31,11
94949,76,284848,53,23
21342,87,108052,59,28
97555,128,468808,85,43
74682,37,112024,29,8
46331,83,593728,57,26
87760,120,87760,80,40
68417,68,205252,48,20
86808,164,86808,107,57
33314,67,49972,47,20
46901,39,140704,30,9
78841,76,505168,53,23
34696,49,34696,36,13
30226,90,76516,61,29
86073,195,1276936,126,69
96368,45,96368,34,11
49157,52,147472,38,14
77210,63,115816,45,18
87454,102,560356,69,33
27830,59,118888,42,17
80909,138,242728,91,47
25939,95,747952,64,31
59165,60,177496,43,17
54531,246,1119472,157,89
68200,81,68200,56,25
60283,65,386260,46,19
47802,52,71704,38,14
9466,91,45520,61,30
3327,74,170584,50,24
3660,131,9232,85,46
60290,91,90436,62,29
27595,152,124180,99,53
4764,51,15280,36,15
88658,239,639088,153,86
10829,42,32488,31,11
47589,75,142768,52,23
11222,161,182068,104,57
11212,99,45520,66,33
13570,89,28996,60,29
96895,102,3725008,69,33
37861,62,113584,44,18
71559,125,483028,83,42
45338,132,68008,87,45
52312,171,52312,111,60
13516,37,15208,28,9
71696,50,71696,37,13
87228,164,220804,107,57
24905,157,126088,102,55
59936,91,59936,62,29
43791,44,443392,33,11
68581,174,205744,113,61
75149,112,225448,75,37
5637,85,16912,57,28
77130,76,164752,53,23
2893,48,8680,34,14
21673,193,555496,124,69
5813,49,17440,35,14
96622,84,326104,58,26
655,144,9232,92,52
54634,153,81952,100,53
17144,172,32560,111,61
55935,96,3875092,65,31
67335,68,454516,48,20
29088,20,29088,18,2
11619,50,52288,36,14
8447,158,433024,102,56
87183,164,882736,107,57
48868,39,48868,30,9
51029,127,153088,84,43
60102,91,135232,62,29
27201,46,81604,34,12
95108,58,304720,42,16
88075,102,396340,69,33
61466,42,92200,32,10
86437,195,259312,126,69
87893,133,263680,88,45
88560,133,359152,88,45
39149,199,190996,128,71
82929,58,248788,42,16
20699,61,157192,43,18
42471,106,483784,71,35
92072,58,92072,42,16
51661,171,154984,111,60
53911,184,363904,119,65
35451,111,179476,74,37
56464,60,56464,43,17
33758,85,547540,58,27
78013,125,234040,83,42
70248,143,70248,94,49
72016,50,72016,37,13
31391,85,804544,58,27
56117,60,168352,43,17
13162,138,19744,90,48
32153,191,108520,123,68
80172,94,90196,64,30
95834,190,143752,123,67
20837,43,62512,32,11
90368,133,90368,88,45
66544,55,94768,40,15
55649,153,211300,100,53
26332,139,44440,91,48
10764,117,12112,77,40
69445,81,208336,56,25
93110,146,353536,96,50
19188,74,19188,51,23
11958,55,45412,39,16
4380,77,7396,52,25
27960,59,27960,42,17
82019,63,369088,45,18
27106,38,40660,29,9
878,54,2968,37,17
48354,70,72532,49,21
83789,89,251368,61,28
96871,159,1655152,104,55
84586,107,126880,72,35
83309,151,249928,99,52
51568,26,51568,22,4
57914,47,86872,35,12
2638,146,10024,94,52
72779,143,327508,94,49
42026,31,63040,25,6
99509,128,298528,85,43
82465,213,247396,137,76
28743,152,621592,99,53
11832,99,11832,66,33
85093,58,255280,42,16
90880,40,90880,31,9
88371,71,397672,50,21
46763,83,210436,57,26
98959,172,2407480,112,60
88742,94,852928,64,30
18831,61,190672,43,18
55045,153,165136,100,53
73949,94,899584,64,30
69203,174,394144,113,61
37046,142,534112,93,49
86323,58,388456,42,16
71052,187,250504,121,66
26628,170,26628,110,60
15199,58,230848,41,17
69522,81,175984,56,25
29476,46,37312,34,12
19404,167,1276936,108,59
3682,131,9232,85,46
91556,84,173824,58,26
93123,84,419056,58,26
42293,106,126880,71,35
5630,160,144340,103,57
93247,133,2124304,88,45
95865,221,545992,142,79
77815,130,946564,86,44
8418,34,12628,26,8
34766,54,198016,39,15
74500,112,74500,75,37
56575,228,62710036,146,82
90546,71,152800,50,21
27676,227,250504,145,82
72268,50,81304,37,13
40564,88,61720,60,28
11333,130,34000,85,45
19178,123,28768,81,42
89255,146,1930120,96,50
68448,81,68448,56,25
57105,52,171316,38,14
84336,58,84336,42,16
80731,169,613060,110,59
4952,134,9232,87,47
28334,59,95632,42,17
21674,56,32512,40,16
40871,212,497176,136,76
71102,73,539944,51,22
22822,82,61720,56,26
25495,82,172096,56,26
99478,115,223828,77,38
74161,94,222484,64,30
836,41,836,29,12
18647,61,125872,43,18
77361,138,954016,91,47
37336,36,37336,28,8
69352,143,69352,94,49
2430,164,27700,105,59
41951,93,6889048,63,30
60655,148,3934960,97,51
68144,130,68144,86,44
91187,58,410344,42,16
97890,115,146836,77,38
77528,63,77528,45,18
86705,76,260116,53,23
31100,54,118096,39,15
39386,75,59080,52,23
35920,49,35920,36,13
96953,71,327220,50,21
60783,179,692368,116,63
71117,187,250504,121,66
72591,94,734992,64,30
89627,195,4905988,126,69
40388,44,40388,33,11
15824,53,15824,38,15
46016,57,46016,41,16
15340,133,32776,87,46
3492,149,9232,96,53
707,126,9232,81,45
97494,71,219364,50,21
15729,146,47188,95,51
6998,132,345544,86,46
60409,179,30578632,116,63
58098,135,2417848,89,46
38524,160,395440,104,56
25164,64,28312,45,19
17719,79,255472,54,25
87509,45,262528,34,11
83768,89,119284,61,28
39620,44,39620,33,11
12127,143,184192,93,50
89132,71,100276,50,21
64927,223,2106052,143,80
40634,181,60952,117,64
77655,169,524176,110,59
3318,43,8404,31,12
44981,62,134944,44,18
44116,132,44116,87,45
61647,210,1801816,135,75
43159,70,291328,49,21
55964,91,119536,62,29
47632,145,47632,95,50
49317,189,399976,122,67
59343,73,600856,51,22
15505,146,46516,95,51
68594,130,130228,86,44
26661,95,79984,64,31
37197,137,111592,90,47
65939,42,296728,32,10
8606,109,176740,72,37
57389,78,172168,54,24
81298,138,205792,91,47
55502,140,1200256,92,48
53310,78,404836,54,24
27044,90,61720,61,29
33636,67,33636,47,20
79316,138,79316,91,47
80692,45,80692,34,11
33133,98,179152,66,32
89388,133,100564,88,45
15367,177,103732,114,63
93945,84,356704,58,26
72108,81,81124,56,25
62581,86,187744,59,27
57890,166,86836,108,58
79554,125,1290328,83,42
39237,168,117712,109,59
4151,95,95956,63,32
19424,48,19424,35,13
4138,126,9232,82,44
29993,64,341656,45,19
94439,84,1075732,58,26
44922,70,95956,49,21
79370,138,119056,91,47
66918,68,150568,48,20
73691,125,3025348,83,42
34236,80,97504,55,25
78976,138,78976,91,47
19123,79,86056,54,25
23957,51,71872,37,14
63880,55,63880,40,15
58561,122,175684,81,41
82801,151,248404,99,52
68686,174,260800,113,61
24661,38,73984,29,9
86065,195,258196,126,69
1169,57,3508,39,18
45125,88,135376,60,28
35898,49,53848,36,13
15033,89,50740,60,29
52798,140,400948,92,48
35295,279,11003416,177,102
43828,44,43828,33,11
3517,149,10552,96,53
19752,136,19752,89,47
30374,178,129760,115,63
30271,103,689632,69,34
10387,86,46744,58,28
64818,161,109384,105,56
65185,99,223072,67,32
79694,120,302596,80,40
37880,155,182068,101,54
49598,264,2480056,168,96
39133,181,225988,117,64
3627,56,16324,39,17
85937,76,257812,53,23
81516,76,232144,53,23
77066,50,115600,37,13
55391,60,841264,43,17
16646,66,37456,46,20
91961,208,497176,134,74
54145,140,162436,92,48
13383,94,90340,63,31
4026,69,9232,47,22
43227,132,899584,87,45
79381,76,238144,53,23
69712,50,69712,37,13
96056,71,153880,50,21
74711,138,504304,91,47
3444,105,9232,69,36
21396,48,21396,35,13
10726,47,24136,34,13
33462,67,127060,47,20
41116,150,78064,98,52
96888,97,122632,66,31
83733,32,251200,26,6
79791,120,807892,80,40
79558,76,179008,53,23
71261,99,213784,67,32
28691,196,1276936,126,70
1408,21,1408,17,4
73569,94,314260,64,30
58561,122,175684,81,41
47341,176,142024,114,62
17795,35,80080,27,8
19882,92,29824,62,30
86293,71,258880,50,21
94953,213,94832692,137,76
49704,127,49704,84,43
44355,207,250504,133,74
91289,71,308104,50,21
78463,306,3016420,194,112
99302,97,223432,66,31
14391,120,599056,79,41
87476,120,87476,80,40
27308,183,83104,118,65
96365,252,9635920,161,91
94050,102,141076,69,33
24503,157,165400,102,55
95600,53,95600,39,14
22487,69,151792,48,21
38259,80,172168,55,25
57717,47,173152,35,12
97229,159,291688,104,55
81495,37,550096,29,8
82769,125,5734312,83,42
10749,99,103336,66,33
62786,135,305908,89,46
76051,112,6244432,75,37
22739,131,599056,86,45
74232,94,211408,64,30
73607,156,496852,102,54
93302,146,359152,96,50
41663,181,1801924,117,64
96298,45,144448,34,11
82235,151,416320,99,52
15124,40,15124,30,10
25617,170,76852,110,60
11183,68,113236,47,21
90370,89,135556,61,28
98879,120,2252608,80,40
62014,135,470932,89,46
31332,59,31332,42,17
46099,176,207448,114,62
26129,139,78388,91,48
31557,103,94672,69,34
87506,151,479572,99,52
21877,43,65632,32,11
8950,140,22660,91,49
51963,171,749140,111,60
90055,115,5264080,77,38
71207,73,540736,51,22
24100,95,34324,64,31
12717,81,38152,55,26
52612,101,84292,68,33
38886,168,87496,109,59
53145,109,179368,73,36
65221,117,195664,78,39
7838,83,80512,56,27
49356,114,55528,76,38
47300,83,95956,57,26
19160,35,19160,27,8
51013,127,153040,84,43
59306,135,88960,89,46
87097,195,293956,126,69
17107,53,76984,38,15
58124,166,65392,108,58
8721,47,26164,34,13
37662,62,190672,44,18
93899,84,422548,58,26
93795,133,422080,88,45
87319,133,589408,88,45
21121,105,114208,70,35
19791,123,200392,81,42
58656,47,58656,35,12
59644,73,339712,51,22
93449,133,479572,88,45
47375,83,479680,57,26
42908,101,122200,68,33
50072,114,50072,76,38
34813,111,952864,74,37
49571,65,223072,46,19
50902,83,114532,57,26
60187,254,17810656,162,92
50252,65,80512,46,19
65172,99,223072,67,32
36161,41,108484,31,10
19157,123,57472,81,42
76209,37,228628,29,8
79981,68,341656,48,20
72321,125,308932,83,42
17930,48,26896,35,13
66607,91,674404,62,29
88443,120,447748,80,40
62560,104,62560,70,34
54206,246,9635920,157,89
68476,81,260008,56,25
64342,47,144772,35,12
95378,146,241432,96,50
42864,31,42864,25,6
81838,76,276208,53,23
65440,68,65440,48,20
7195,119,599056,78,41
71388,73,120472,51,22
81915,169,1328560,110,59
66215,143,604096,94,49
96177,53,288532,39,14
99293,97,297880,66,31
29778,72,190816,50,22
26184,139,26184,91,48
27446,59,156328,42,17
67039,236,2612464,151,85
87202,151,149200,99,52
16199,159,138400,103,56
21412,48,40660,35,13
50578,57,128032,41,16
15868,53,135592,38,15
62502,148,140632,97,51
14267,50,72232,36,14
39423,124,3410080,82,42
35209,155,542104,101,54
31214,147,105352,96,51
7368,132,9232,86,46
79027,125,355624,83,42
35363,80,159136,55,25
51589,65,154768,46,19
38286,199,1276936,128,71
74756,37,74756,29,8
71847,218,1381048,140,78
36308,67,36308,47,20
95168,102,95168,69,33
80281,213,695464,137,76
19868,167,190996,108,59
56524,104,63592,70,34
84162,182,159784,118,64
6379,80,36340,54,26
84686,81,1085236,56,25
76959,187,3328432,121,66
27927,90,188512,61,29
98708,115,98708,77,38
13181,138,50056,90,48
92838,115,2007664,77,38
36932,155,36932,101,54
24015,69,243160,48,21
96473,190,325600,123,67
79873,76,239620,53,23
58503,166,394900,108,58
87737,45,296116,34,11
5471,160,83104,103,57
96396,45,108448,34,11
14954,89,22432,60,29
38508,49,109672,36,13
92970,53,139456,39,14
91494,71,205864,50,21
6524,137,24784,89,48
86924,58,97792,42,16
57191,197,4946992,127,70
47762,101,120904,68,33
31170,85,199744,58,27
45642,83,68464,57,26
22991,87,314656,59,28
29662,240,975400,153,87
13420,94,86020,63,31
14458,120,21688,79,41
67601,60,202804,43,17
76103,200,2194288,129,71
33086,98,954016,66,32
97065,177,1514752,115,62
50655,189,2079592,122,67
6131,155,44224,100,55
2043,156,44224,100,56
70135,130,674080,86,44
42983,88,489616,60,28
98423,234,664360,150,84
65186,99,223072,67,32
33478,41,75328,31,10
52710,171,126664,111,60
28717,121,86152,80,41
78138,76,117208,53,23
36019,80,162088,55,25
8062,96,103336,64,32
8610,78,39364,53,25
35372,80,39796,55,25
83022,89,315232,61,28
20806,149,46816,97,52
7858,101,13264,67,34
11621,50,34864,36,14
8178,65,17476,45,20
30112,134,30112,88,46
88579,102,398608,69,33
84182,182,189412,118,64
89942,63,202372,45,18
11827,81,95956,55,26
13891,45,62512,33,12
82429,94,704212,64,30
58032,60,58032,43,17
75021,112,225064,75,37
5496,41,6964,30,11
28482,59,42724,42,17
11268,86,11268,58,28
6744,44,6744,32,12
54801,60,164404,43,17
48774,70,109744,49,21
57043,78,494080,54,24
49477,65,148432,46,19
92106,177,138160,115,62
28553,90,162628,61,29
65243,174,1906900,113,61
45773,83,137320,57,26
43731,119,196792,79,40
28949,59,86848,42,17
76312,81,76312,56,25
69094,112,560356,75,37
69124,174,69124,113,61
16536,159,16536,103,56
66491,117,336616,78,39
46563,52,209536,38,14
89081,71,856168,50,21
58536,135,58536,89,46
98992,66,98992,47,19
41270,181,235060,117,64
80675,89,363040,61,28
42463,194,11927896,125,69
3128,123,9232,80,43
23148,82,74176,56,26
45529,176,153664,114,62
77096,125,77096,83,42
68932,174,209680,113,61
90926,177,306880,115,62
66382,117,252052,78,39
99469,115,298408,77,38
63750,55,143440,40,15
38673,75,116020,52,23
13732,151,26080,98,53
54513,65,163540,46,19
98659,190,443968,123,67
51025,83,153076,57,26
3833,56,14560,39,17
32333,147,97000,96,51
12468,63,12468,44,19
41026,181,61540,117,64
13108,45,13108,33,12
77995,125,350980,83,42
94203,128,603592,85,43
43482,119,65224,79,40
2582,53,5812,37,16
75119,86,855664,59,27
51639,78,348568,54,24
8419,34,37888,26,8
93628,177,266632,115,62
29114,165,1276936,107,58
84364,151,94912,99,52
63045,148,189136,97,51
79956,182,250504,118,64
61031,179,1042792,116,63
11815,99,89728,66,33
99341,115,298024,77,38
10025,91,114208,61,30
63289,148,213604,97,51
57837,135,250504,89,46
7436,132,9232,86,46
67085,68,201256,48,20
70602,143,105904,94,49
88417,164,335716,107,57
3408,17,3408,15,2
98944,128,98944,85,43
32941,116,98824,77,39
5667,129,25504,84,45
37123,111,167056,74,37
25093,64,75280,45,19
75646,187,1090564,121,66
26506,95,39760,64,31
36714,62,55072,44,18
54388,122,176740,81,41
43170,163,64756,106,57
73283,156,329776,102,54
77512,76,77512,53,23
51743,140,785860,92,48
40523,75,182356,52,23
81133,89,243400,61,28
99398,159,223648,104,55
3881,144,44224,93,51
43455,101,1670596,68,33
55712,34,55712,27,7
43540,70,43540,49,21
68322,68,102484,48,20
87986,133,148480,88,45
14800,133,14800,87,46
60103,210,405700,135,75
50727,57,385216,41,16
48785,70,146356,49,21
43334,70,97504,49,21
40829,88,155032,60,28
69527,55,469312,40,15
54363,91,991924,62,29
53998,184,182248,119,65
50342,109,143368,73,36
19074,79,28612,54,25
14550,133,95956,87,46
83796,151,83796,99,52
56921,78,192112,54,24
85327,195,863944,126,69
75516,112,725812,75,37
20317,180,60952,116,64
26184,139,26184,91,48
93861,146,400948,96,50
24625,113,73876,75,38
62516,42,62516,32,10
85782,151,193012,99,52
46706,207,269728,133,74
89327,102,5151112,69,33
26757,46,80272,34,12
60391,210,687904,135,75
68370,174,194704,113,61
70822,81,201688,56,25
9590,166,24280,107,59
14117,58,42352,41,17
73182,125,1502224,83,42
44787,163,201544,106,57
94687,221,3455296,142,79
76426,107,114640,72,35
30287,147,560356,96,51
15995,53,80980,38,15
90199,208,608848,134,74
26640,183,250504,118,65
17206,172,98008,111,61
56678,60,127528,43,17
32931,116,148192,77,39
73314,37,109972,29,8
93852,133,178180,88,45
92510,133,468340,88,45
18317,110,54952,73,37
27305,245,5314408,156,89
96059,84,486304,58,26
87877,45,263632,34,11
85367,89,576232,61,28
13404,138,22624,90,48
80053,182,250504,118,64
84628,58,135592,42,16
73496,112,73496,75,37
31933,54,95800,39,15
96091,190,1109536,123,67
36702,155,185812,101,54
3386,35,5080,26,9
99227,71,1130272,50,21
57242,78,85864,54,24
10368,29,10368,23,6
65031,99,438964,67,32
46506,52,69760,38,14
33333,129,100000,85,44
85179,195,777112,126,69
76326,55,171736,40,15
35269,98,105808,66,32
86487,76,583792,53,23
25564,77,43144,53,24
36405,23,109216,20,3
55183,91,558736,62,29
32992,41,32992,31,10
47664,52,47664,38,14
65887,148,1000672,97,51
83849,89,477556,61,28
24128,69,24128,48,21
57693,122,173080,81,41
94390,89,6889048,61,28
37501,49,360448,36,13
33786,160,144340,104,56
84147,107,378664,72,35
89127,94,676816,64,30
94980,102,94980,69,33
47998,96,2335444,65,31
7171,75,32272,51,24
13304,76,95956,52,24
71744,50,71744,37,13
77853,169,233560,110,59
35188,36,35188,28,8
65035,73,292660,51,22
71777,174,272536,113,61
1894,37,4264,27,10
13754,151,20632,98,53
38091,36,171412,28,8
64923,73,739528,51,22
76769,187,3786424,121,66
59413,73,178240,51,22
56031,135,850984,89,46
17510,79,39400,54,25
68654,112,231712,75,37
36930,93,55396,63,30
48292,44,137536,33,11
4043,25,18196,20,5
62575,254,801880,162,92
37202,93,804544,63,30
92283,177,467188,115,62
14017,32,42052,25,7
25023,87,962008,59,28
27939,108,125728,72,36
43679,225,1119472,144,81
61721,179,400948,116,63
56806,104,345544,70,34
74324,187,190996,121,66
1987,94,8944,62,32
76479,200,6279424,129,71
82995,89,373480,61,28
12162,63,18244,44,19
20690,149,78568,97,52
94700,177,119860,115,62
60925,60,520504,43,17
99274,97,148912,66,31
74309,94,222928,64,30
63746,223,6810136,143,80
1212,44,3076,31,13
230,34,520,24,10
48543,127,1180960,84,43
14346,120,21520,79,41
31820,147,35800,96,51
47780,251,497176,160,91
82422,213,9635920,137,76
92245,146,276736,96,50
65585,55,196756,40,15
19951,211,984148,135,76
15174,71,34144,49,22
58033,184,8153620,119,65
99274,97,148912,66,31
28037,183,575728,118,65
71357,218,695464,140,78
14293,76,42880,52,24
3053,154,9232,99,55
44378,57,66568,41,16
89318,115,200968,77,38
67839,60,3477328,43,17
67820,86,85840,59,27
15621,102,46864,68,34
30462,59,520504,42,17
20751,87,210112,59,28
98427,234,498292,150,84
88720,58,94768,42,16
9473,60,28420,42,18
69264,55,69264,40,15
57603,73,259216,51,22
25524,77,25524,53,24
30767,178,311524,115,63
66061,192,198184,124,68
9080,65,14560,45,20
8400,34,8400,26,8
60727,210,4733152,135,75
92907,208,1004560,134,74
16533,159,49600,103,56
82358,120,312712,80,40
43163,132,491668,87,45
3750,175,250504,112,63
11354,130,17032,85,45
28478,51,243304,37,14
24571,157,359152,102,55
86374,71,194344,50,21
11438,81,38608,55,26
38105,36,128608,28,8
63371,179,1951288,116,63
4552,59,4552,41,18
68360,130,68360,86,44
54881,60,208384,43,17
12917,76,39364,52,24
80704,45,80704,34,11
41446,119,95956,79,40
47637,145,142912,95,50
73928,156,73928,102,54
78195,107,351880,72,35
29686,121,84544,80,41
51135,202,1310560,130,72
88917,133,266752,88,45
94456,84,179332,58,26
67848,112,67848,75,37
39994,93,59992,63,30
44334,70,149632,49,21
58866,122,111760,81,41
79097,99,300328,67,32
49757,127,149272,84,43
61193,210,1256128,135,75
60687,179,614464,116,63
48734,65,246724,46,19
25994,139,38992,91,48
30493,72,91480,50,22
20982,87,201688,59,28
24144,69,24144,48,21
77604,138,98224,91,47
89453,164,268360,107,57
60278,65,152584,46,19
49991,88,1154464,60,28
62889,86,1074544,59,27
69352,143,69352,94,49
97373,159,292120,104,55
50000,127,50000,84,43
70310,249,975400,159,90
12447,187,9198520,120,67
30734,178,103732,115,63
76001,187,2465296,121,66
48633,65,184660,46,19
21577,193,109240,124,69
3321,105,45520,69,36
10751,192,2092552,123,69
53464,96,114208,65,31
26573,108,79720,72,36
17949,48,53848,35,13
38827,168,359152,109,59
89052,76,304720,53,23
27868,90,80512,61,29
60232,65,60232,46,19
66263,99,447280,67,32
91357,84,274072,58,26
72234,42,108352,32,10
44679,119,301588,79,40
12964,169,83104,109,60
64361,161,488752,105,56
49435,264,1522132,168,96
66618,68,99928,48,20
20270,35,68416,27,8
76313,55,257560,40,15
97353,221,1776328,142,79
79733,107,239200,72,35
81495,37,550096,29,8
88906,120,133360,80,40
77226,76,115840,53,23
82868,120,95956,80,40
37529,155,126664,101,54
78973,76,299860,53,23
65603,236,295216,151,85
96262,71,494080,50,21
90749,115,2943700,77,38
33333,129,100000,85,44
90938,146,491668,96,50
78930,107,505744,72,35
69207,55,467152,40,15
91138,84,136708,58,26
2252,45,2536,32,13
45718,176,102868,114,62
99109,40,297328,31,9
27028,38,27028,29,9
97383,221,4738228,142,79
86552,120,86552,80,40
9584,122,9584,80,42
50388,65,50388,46,19
23105,144,69316,94,50
12225,156,36676,101,55
60625,148,491668,97,51
56059,60,538792,43,17
96373,45,289120,34,11
29300,72,29300,50,22
78573,76,235720,53,23
85470,195,2631688,126,69
77929,169,591784,110,59
73475,187,330640,121,66
4142,126,13984,82,44
23351,82,157624,56,26
75083,86,337876,59,27
70872,81,255472,56,25
5078,178,32560,114,64
46016,57,46016,41,16
71148,187,250504,121,66
59181,73,177544,51,22
40858,181,1276936,117,64
59841,117,345544,78,39
59903,303,106358020,192,111
5578,129,9232,84,45
20003,180,250504,116,64
50712,57,50712,41,16
39452,75,66580,52,23
99812,97,479680,66,31
49104,65,49104,46,19
28648,103,39364,69,34
34832,142,34832,93,49
96499,146,434248,96,50
95120,53,95120,39,14
66831,117,676672,78,39
80633,213,1276936,137,76
36834,49,55252,36,13
92865,177,278596,115,62
24399,157,247048,102,55
61555,148,277000,97,51
50756,83,50756,57,26
17707,48,79684,35,13
22341,131,67024,86,45
64995,42,292480,32,10
63885,55,191656,40,15
84362,151,126544,99,52
17483,48,78676,35,13
54226,184,742120,119,65
58850,135,88276,89,46
74855,86,1438864,59,27
41257,93,846916,63,30
81111,63,547504,45,18
14651,71,74176,49,22
46119,132,350224,87,45
28931,165,130192,107,58
85708,32,96424,26,6
11802,143,17704,93,50
51361,109,219400,73,36
87909,71,263728,50,21
16560,128,16560,84,44
32335,72,327400,50,22
13289,76,255472,52,24
22399,74,765448,51,23
76231,275,17824048,175,100
12192,112,12192,74,38
18052,185,32560,119,66
61716,55,61716,40,15
10738,73,20392,50,23
65141,161,195424,105,56
25252,157,182068,102,55
50976,127,50976,84,43
5148,147,9232,95,52
50509,158,182068,103,55
52225,140,156676,92,48
19644,123,59776,81,42
38968,49,38968,36,13
98851,115,444832,77,38
40734,88,206224,60,28
84004,151,106324,99,52
34809,80,211732,55,25
67289,68,227104,48,20
58960,135,58960,89,46
1850,130,9232,84,46
68179,205,552904,132,73
67137,112,201412,75,37
60741,179,182224,116,63
86323,58,388456,42,16
44566,70,100276,49,21
20184,136,20184,89,47
1133,62,9232,42,20
38260,124,38260,82,42
96613,84,289840,58,26
63669,99,191008,67,32
38564,75,164752,52,23
92228,40,92228,31,9
10932,42,10932,31,11
73170,94,277828,64,30
50640,83,50640,57,26
58902,104,179152,70,34
1045,31,3136,23,8
46692,83,46692,57,26
24364,38,27412,29,9
46695,132,797848,87,45
1583,166,250504,106,60
79911,169,606832,110,59
66845,143,542104,94,49
21302,100,345544,67,33
74330,37,111496,29,8
1621,29,4864,22,7
62225,86,186676,59,27
56656,122,56656,81,41
95420,128,343924,85,43
37535,85,962008,58,27
39391,106,3234328,71,35
71630,143,407968,94,49
55857,91,167572,62,29
49253,114,147760,76,38
55810,184,190996,119,65
22260,118,22260,78,40
20656,56,20656,40,16
33006,67,111400,47,20
31630,178,144340,115,63
23611,82,119536,56,26
57185,52,244276,38,14
21603,162,97216,105,57
85946,133,176740,88,45
11111,55,427192,39,16
6074,62,9112,43,19
80819,89,363688,61,28
10196,60,10196,42,18
1538,34,2308,25,9
17139,79,164752,54,25
44329,238,639088,152,86
46203,207,374704,133,74
40165,67,120496,47,20
89744,115,345544,77,38
54660,65,54660,46,19
86156,120,96928,80,40
49693,96,149080,65,31
24846,95,85048,64,31
89847,71,606472,50,21
30563,33,137536,26,7
28037,183,575728,118,65
60753,210,1108564,135,75
74234,94,211408,64,30
83050,107,124576,72,35
68682,174,103024,113,61
27819,152,125188,99,53
30545,85,91636,58,27
62533,42,187600,32,10
78637,50,235912,37,13
57706,47,86560,35,12
20105,105,1100608,70,35
69604,81,111508,56,25
59026,47,149416,35,12
96265,146,487348,96,50
32318,191,6810136,123,68
31417,103,106036,69,34
42013,132,345544,87,45
68046,174,551824,113,61
21401,48,72232,35,13
48271,158,488752,103,55
72070,42,162160,32,10
49834,127,74752,84,43
63645,55,190936,40,15
80207,169,1951288,110,59
69469,112,281716,75,37
59474,166,338740,108,58
45810,194,27114424,125,69
38329,75,129364,52,23
36785,111,110356,74,37
23724,38,26692,29,9
60647,117,1329424,78,39
66256,130,66256,86,44
75,14,340,11,3
26499,77,119248,53,24
65523,161,359152,105,56
96882,159,785680,104,55
20542,61,156004,43,18
45930,83,68896,57,26
26029,51,78088,37,14
29546,72,44320,50,22
79570,120,302128,80,40
31674,147,47512,96,51
30975,59,1587760,42,17
58900,135,58900,89,46
23098,131,34648,86,45
93145,53,314368,39,14
64825,192,934576,124,68
23526,51,52936,37,14
57805,47,173416,35,12
15044,40,15044,30,10
41847,132,282472,87,45
77262,107,556936,72,35
50228,39,50228,30,9
53029,78,159088,54,24
37384,62,37384,44,18
29484,46,33172,34,12
7266,70,39364,48,22
22764,175,28816,113,62
75653,63,226960,45,18
15734,53,39832,38,15
91039,146,1555504,96,50
37421,199,250504,128,71
9248,34,9248,26,8
23841,51,71524,37,14
65150,161,742120,105,56
21059,43,94768,32,11
34930,54,58948,39,15
84172,107,94696,72,35
91165,133,273496,88,45
31363,54,141136,39,15
86490,71,129736,50,21
84665,107,285748,72,35
47357,176,269728,114,62
77598,81,392848,56,25
6042,67,9232,46,21
78210,76,117316,53,23
61955,148,278800,97,51
61870,86,208816,59,27
21060,43,21060,32,11
99865,115,337048,77,38
44723,70,201256,49,21
17549,141,52648,92,49
15079,102,1100608,68,34
5420,116,9232,76,40
35491,80,170584,55,25
76087,200,513592,129,71
58761,197,334672,127,70
30338,41,45508,31,10
1469,47,4408,33,14
24310,188,61540,121,67
66345,99,755728,67,32
90284,45,101572,34,11
72256,42,72256,32,10
81900,63,131200,45,18
28719,196,1276936,126,70
94338,84,141508,58,26
37842,106,517912,71,35
73549,94,220648,64,30
83566,63,282040,45,18
46661,83,139984,57,26
50282,127,75424,84,43
768,15,768,13,2
3896,144,9232,93,51
58027,73,261124,51,22
42969,75,145024,52,23
40098,93,60148,63,30
15333,58,46000,41,17
14622,120,74032,79,41
76871,76,518884,53,23
18175,97,1048120,65,32
99190,141,251080,93,48
40503,212,1167856,136,76
36675,36,165040,28,8
37261,155,111784,101,54
42499,57,191248,41,16
67610,60,101416,43,17
49465,158,211300,103,55
71806,143,817936,94,49
64920,117,64920,78,39
54470,184,1276936,119,65
17195,66,77380,46,20
26812,95,85912,64,31
72378,94,108568,64,30
43724,163,49192,106,57
75236,138,2316760,91,47
76299,55,343348,40,15
59239,210,5764660,135,75
2148,24,2148,19,5
98920,66,98920,47,19
99252,97,99252,66,31
38446,168,129760,109,59
53804,140,60532,92,48
61109,34,183328,27,7
2014,94,39364,62,32
85618,195,144484,126,69
82411,306,593279152,194,112
53503,122,2742496,81,41
37756,106,143368,71,35
8734,140,44224,91,49
9480,153,21688,99,54
75362,107,113044,72,35
21305,56,71908,40,16
35695,124,549556,82,42
81172,37,81172,29,8
86297,257,5314408,164,93
9491,52,42712,37,15
21253,56,63760,40,16
6863,119,250504,78,41
69960,55,112084,40,15
10451,86,80512,58,28
56023,91,378160,62,29
61992,55,61992,40,15
40928,137,65608,90,47
88091,164,1505140,107,57
49854,189,575728,122,67
31827,103,305908,69,34
42880,75,42880,52,23
57266,78,96640,54,24
72362,24,108544,21,3
77991,156,2248720,102,54
89788,102,227284,69,33
86185,164,2208868,107,57
40737,36,122212,28,8
24531,69,157192,48,21
78053,125,234160,83,42
47059,282,11003416,179,103
74095,143,844000,94,49
74256,63,74256,45,18
4887,46,32992,33,13
93722,146,140584,96,50
37388,62,42064,44,18
21576,162,23056,105,57
39644,75,66904,52,23
10101,42,30304,31,11
60357,135,181072,89,46
7857,101,23572,67,34
38170,106,57256,71,35
28805,165,86416,107,58
35791,124,362392,82,42
30989,54,92968,39,15
76449,200,619972,129,71
38507,75,185056,52,23
87905,102,375496,69,33
67307,205,383344,132,73
12306,94,31156,63,31
9970,117,345544,77,40
12405,156,37216,101,55
8990,78,45520,53,25
65306,55,97960,40,15
35984,49,35984,36,13
39463,75,299680,52,23
19361,74,58084,51,23
85658,50,128488,37,13
26288,77,26288,53,24
65473,130,196420,86,44
61314,179,1276936,116,63
34161,67,102484,47,20
6790,36,15280,27,9
27182,38,91744,29,9
14386,164,24280,106,58
82598,63,529252,45,18
65642,42,98464,32,10
44248,44,63016,33,11
86674,102,219400,69,33
5545,54,94768,38,16
13276,45,22408,33,12
63249,192,250504,124,68
34551,129,233224,85,44
53694,215,2480056,138,77
19642,136,29464,89,47
71750,50,161440,37,13
80022,182,250504,118,64
15606,146,39508,95,51
50714,57,76072,41,16
20391,136,154852,89,47
75404,156,84832,102,54
58467,47,263104,35,12
3982,51,13444,36,15
9494,153,21688,99,54
71219,73,320488,51,22
71319,50,481408,37,13
95336,53,95336,39,14
16985,110,275560,73,37
22761,175,172852,113,62
91530,84,137296,58,26
1525,109,9232,71,38
49403,158,1424464,103,55
91657,133,464020,88,45
65615,236,664360,151,85
35892,49,35892,36,13
91010,177,328048,115,62
39833,75,134440,52,23
45837,31,137512,25,6
73954,37,110932,29,8
13363,94,60136,63,31
66746,130,100120,86,44
37922,124,56884,82,42
70435,50,316960,37,13
18563,61,83536,43,18
64511,161,30578632,105,56
76408,63,96712,45,18
7611,132,38536,86,46
92919,177,627208,115,62
15792,40,15792,30,10
58048,60,58048,43,17
67907,143,367144,94,49
19666,48,74680,35,13
70247,130,1200256,86,44
65865,148,333448,97,51
46452,145,46452,95,50
86149,195,1276936,126,69
45891,83,206512,57,26
6795,36,30580,27,9
32889,147,1200256,96,51
6750,137,34180,89,48
46532,52,46532,38,14
20609,193,225988,124,69
80987,182,1037824,118,64
69212,55,116800,40,15
83997,89,255472,61,28
56018,135,345544,89,46
57677,73,173032,51,22
11561,68,166696,47,21
54402,47,81604,35,12
50469,65,151408,46,19
32464,41,32464,31,10
31664,147,31664,96,51
68707,130,309184,86,44
58774,148,132244,97,51
33124,160,33124,104,56
94347,84,424564,58,26
9719,122,65608,80,42
62638,86,211408,59,27
29,18,88,13,5
62371,148,280672,97,51
47600,52,50848,38,14
17398,203,190996,130,73
45407,101,689632,68,33
47658,52,71488,38,14
67561,197,865780,127,70
13504,45,13504,33,12
54944,109,54944,73,36
75840,156,75840,102,54
82675,164,3818500,107,57
25346,126,38020,83,43
50391,70,340144,49,21
95042,84,385396,58,26
59558,73,190816,51,22
65055,205,3165316,132,73
1907,29,8584,22,7
40168,93,40168,63,30
7962,26,11944,21,5
26141,139,78424,91,48
58702,179,1355668,116,63
77568,50,77568,37,13
80665,120,2943700,80,40
81200,138,81200,91,47
99765,190,299296,123,67
81219,138,365488,91,47
80730,50,121096,37,13
28562,103,72304,69,34
50569,158,288016,103,55
73303,156,494800,102,54
95381,53,286144,39,14
94969,221,360592,142,79
29505,134,88516,88,46
37147,261,50143264,166,95
40298,88,60448,60,28
86395,76,437380,53,23
68608,37,68608,29,8
16940,58,19060,41,17
90468,115,90468,77,38
50716,57,85588,41,16
44461,163,133384,106,57
66577,55,199732,40,15
68223,143,2622760,94,49
12667,55,64132,39,16
62120,104,62120,70,34
35322,173,190996,112,61
1780,73,9232,49,24
13187,125,59344,82,43
16460,115,18520,76,39
86247,76,982420,53,23
87756,45,98728,34,11
5058,72,14416,49,23
60664,86,145780,59,27
18734,61,63232,43,18
19158,154,65608,100,54
35031,204,269728,131,73
19614,105,99304,70,35
83029,107,249088,72,35
86283,133,897856,88,45
5189,103,15568,68,35
29681,121,89044,80,41
60120,210,146500,135,75
74401,138,402244,91,47
55719,65,423124,46,19
36446,67,184516,47,20
5797,142,24784,92,50
47219,52,212488,38,14
39132,181,225988,117,64
8124,65,34720,45,20
8223,189,150064,121,68
24075,188,108340,121,67
29826,72,44740,50,22
36840,62,39364,44,18
68323,68,307456,48,20
56322,109,114208,73,36
99175,97,9650824,66,31
25989,126,77968,83,43
35508,98,35508,66,32
99245,71,297736,50,21
98645,40,295936,31,9
95252,53,95252,39,14
23807,126,2316760,83,43
36902,230,250504,147,83
17044,79,17044,54,25
75762,156,242728,102,54
9753,122,32920,80,42
68994,174,1276936,113,61
42617,150,242728,98,52
52128,47,52128,35,12
74778,63,112168,45,18
454,14,1024,12,2
75433,231,62710036,148,83
87363,164,393136,107,57
10977,148,93796,96,52
99123,66,446056,47,19
70405,81,211216,56,25
81933,182,245800,118,64
97171,159,437272,104,55
77708,50,87424,37,13
89648,40,89648,31,9
33689,67,113704,47,20
86841,71,293092,50,21
93790,146,474820,96,50
96517,53,289552,39,14
2018,112,9232,73,39
7958,96,17908,64,32
4793,72,16180,49,23
55983,122,566836,81,41
13238,138,50272,90,48
51587,65,232144,46,19
81788,182,1276936,118,64
19253,61,57760,43,18
10708,73,10708,50,23
34207,160,986308,104,56
94277,84,282832,58,26
3544,56,3544,39,17
44136,132,44136,87,45
35032,217,250504,139,78
42930,75,72448,52,23
65748,42,65748,32,10
57852,78,494260,54,24
55312,47,55312,35,12
65868,148,93796,97,51
88781,71,266344,50,21
57197,60,171592,43,17
73706,63,118096,45,18
57895,210,439648,135,75
87641,102,899584,69,33
14592,40,14592,30,10
97248,159,97248,104,55
48894,96,835432,65,31
728,95,9232,62,33
21360,149,21688,97,52
43823,101,899584,68,33
88535,102,1363048,69,33
10930,161,18448,104,57
60092,65,152116,46,19
80379,94,457792,64,30
23520,51,23520,37,14
17394,203,190996,130,73
34319,54,347488,39,15
74532,156,94336,102,54
94193,177,282580,115,62
47935,101,1092040,68,33
81104,37,81104,29,8
28841,157,1052512,102,55
89368,133,89368,88,45
13266,76,56680,52,24
5425,160,16276,103,57
20626,87,223072,59,28
79623,169,537460,110,59
29188,165,29188,107,58
35930,186,138400,120,66
61893,29,185680,24,5
20540,149,52000,97,52
56631,83,871864,57,26
90640,133,90640,88,45
93411,40,420352,31,9
9216,29,9216,23,6
39386,75,59080,52,23
87581,45,262744,34,11
77463,63,522880,45,18
97038,146,327508,96,50
95311,128,965032,85,43
25009,157,75028,102,55
48929,158,146788,103,55
83097,89,280456,61,28
89877,89,269632,61,28
24977,64,74932,45,19
27627,59,236032,42,17
98257,128,294772,85,43
59790,73,201796,51,22
4701,121,14104,79,42
63646,55,322216,40,15
73397,125,220192,83,42
7527,150,846916,97,53
39501,137,118504,90,47
68050,130,258388,86,44
73367,156,495232,102,54
80318,120,609928,80,40
59118,197,269728,127,70
56097,109,168292,73,36
7911,75,101392,51,24
81384,182,81384,118,64
71186,174,192436,113,61
50249,171,619648,111,60
74657,156,223972,102,54
1952,24,1952,19,5
65213,161,195640,105,56
75702,200,287440,129,71
79889,94,239668,64,30
75283,156,338776,102,54
94534,128,345544,85,43
41955,150,188800,98,52
89720,71,113560,50,21
8805,140,26416,91,49
92706,58,139060,42,16
596,25,596,19,6
29593,72,99880,50,22
40644,44,40644,33,11
62666,60,94000,43,17
20824,105,20824,70,35
5973,23,17920,19,4
15883,146,71476,95,51
66395,130,504196,86,44
71056,187,250504,121,66
23770,51,35656,37,14
25021,113,120256,75,38
42749,101,410884,68,33
85375,89,2917456,61,28
44913,132,134740,87,45
12880,24,12880,20,4
33799,129,228148,85,44
89827,133,404224,88,45
46074,114,897856,76,38
75792,63,75792,45,18
66984,130,66984,86,44
43006,194,2480056,125,69
94732,190,250504,123,67
2851,27,12832,21,6
28401,59,85204,42,17
11954,50,20176,36,14
23536,175,190996,113,62
75537,107,226612,72,35
75040,156,75040,102,54
81030,76,182320,53,23
4056,38,4056,28,10
38171,93,1100608,63,30
97945,128,330568,85,43
99977,203,854116,131,72
28252,103,47680,69,34
4533,64,13600,44,20
4925,72,14776,49,23
48038,83,108088,57,26
78083,125,351376,83,42
92116,133,92116,88,45
71622,94,161152,64,30
77927,169,1331476,110,59
78817,125,448900,83,42
89655,195,2585032,126,69
70401,143,211204,94,49
99526,141,345544,93,48
92386,53,138580,39,14
93103,84,942676,58,26
10703,192,146500,123,69
15386,53,23080,38,15
9337,153,53188,99,54
65422,161,220804,105,56
31226,178,88936,115,63
36022,67,153880,47,20
3783,131,25540,85,46
88878,164,299968,107,57
89631,177,5974612,115,62
49112,127,95956,84,43
89403,133,452608,88,45
84586,107,126880,72,35
42720,150,42720,98,52
96529,53,289588,39,14
49038,96,165508,65,31
80104,68,80104,48,20
3514,56,5272,39,17
13336,32,13336,25,7
44141,101,424276,68,33
80374,68,514996,48,20
77659,138,1889296,91,47
34841,54,117592,39,15
31008,54,31008,39,15
56948,52,56948,38,14
93221,177,279664,115,62
26394,33,39592,26,7
57481,91,736612,62,29
88291,133,397312,88,45
86336,120,86336,80,40
9108,60,9108,42,18
5994,49,8992,35,14
96342,53,216772,39,14
93651,146,421432,96,50
52067,140,234304,92,48
42943,88,1100608,60,28
16139,190,1276936,122,68
44528,119,44528,79,40
9191,60,104704,42,18
92260,58,92260,42,16
78423,107,529360,72,35
55699,65,250648,46,19
82316,63,92608,45,18
93711,177,948832,115,62
29087,77,496996,53,24
17323,53,77956,38,15
83570,151,141028,99,52
85611,195,385252,126,69
3436,149,9232,96,53
53332,34,53332,27,7
28943,121,293056,80,41
59636,73,59636,51,22
29060,165,44224,107,58
57558,197,184408,127,70
52390,127,149200,84,43
53015,78,357856,54,24
32827,98,166192,66,32
30298,85,45448,58,27
43891,44,197512,33,11
21323,56,95956,40,16
35740,111,1100608,74,37
9720,166,27700,107,59
79554,125,1290328,83,42
8315,202,250504,129,73
93832,40,93832,31,9
75165,231,481624,148,83
77029,107,231088,72,35
36114,98,1482784,66,32
15358,115,897856,76,39
98866,120,166840,80,40
20366,87,69712,59,28
39030,155,98800,101,54
1738,29,2608,22,7
74633,200,6127972,129,71
85475,151,384640,99,52
78219,125,375892,83,42
27500,90,223072,61,29
46158,57,175264,41,16
56248,153,56248,100,53
41035,57,184660,41,16
295,55,2248,37,18
98073,190,706948,123,67
24597,157,73792,102,55
98186,53,147280,39,14
11435,68,51460,47,21
58383,104,591136,70,34
38099,199,171448,128,71
4656,121,9232,79,42
83030,45,186820,34,11
46229,145,138688,95,50
3772,38,9556,28,10
74100,112,74100,75,37
56800,91,56800,62,29
62258,86,105064,59,27
17559,141,118528,92,49
99469,115,298408,77,38
58437,47,175312,35,12
92104,177,92104,115,62
32377,191,184408,123,68
87459,120,393568,80,40
77925,200,399976,129,71
29333,46,88000,34,12
46738,52,118312,38,14
89032,71,95092,50,21
73971,187,355480,121,66
51953,140,155860,92,48
20992,118,20992,78,40
27473,95,237976,64,31
59947,166,269764,108,58
26850,46,40276,34,12
1542,34,3472,25,9
2766,97,95956,64,33
43075,194,1276936,125,69
29284,46,29284,34,12
770,33,1156,24,9
17807,97,180304,65,32
90519,115,611008,77,38
2973,97,14308,64,33
18257,154,54772,100,54
18654,92,119536,62,30
86670,151,1249504,99,52
39340,168,53188,109,59
25758,170,130408,110,60
42400,31,42400,25,6
44014,75,237976,52,23
97606,128,250504,85,43
14707,164,66184,106,58
38232,80,38232,55,25
27910,33,62800,26,7
76632,156,76632,102,54
57573,73,172720,51,22
85880,89,206368,61,28
63768,55,63768,40,15
26470,46,59560,34,12
1314,52,1972,36,16
7848,26,7848,21,5
50223,140,508516,92,48
74703,94,1363048,64,30
9931,117,44692,77,40
3286,74,7396,50,24
35864,49,35864,36,13
16705,128,50116,84,44
18706,185,269728,119,66
556,43,628,30,13
21324,56,23992,40,16
70969,112,511576,75,37
66923,143,301156,94,49
53916,91,172744,62,29
10620,55,40336,39,16
72391,205,27114424,132,73
59275,166,266740,108,58
73174,63,208384,45,18
21226,30,31840,24,6
26740,46,26740,34,12
47709,52,143128,38,14
53020,277,497176,176,101
76155,94,385540,64,30
7374,44,63016,32,12
35282,142,133972,93,49
20188,136,34072,89,47
67864,112,67864,75,37
97928,66,97928,47,19
84086,58,212848,42,16
39221,137,117664,90,47
7643,70,58048,48,22
79972,68,79972,48,20
55557,47,166672,35,12
33761,98,243376,66,32
38193,137,176740,90,47
4382,77,22192,52,25
96584,45,137536,34,11
19559,79,1268944,54,25
30783,178,701296,115,63
4783,77,48436,52,25
91418,177,137128,115,62
54713,60,184660,43,17
94946,146,142420,96,50
19463,167,131380,108,59
60031,117,4381288,78,39
68520,29,68520,24,5
56412,60,95200,43,17
55207,65,795904,46,19
97470,66,740176,47,19
46951,158,2707504,103,55
2524,40,4264,29,11
60927,210,4684552,135,75
9678,166,93040,107,59
75829,125,227488,83,42
15090,71,96712,49,22
4582,152,10312,98,54
11908,143,11908,93,50
5610,85,9232,57,28
51154,140,491668,92,48
50540,65,95956,46,19
44144,163,44144,106,57
22937,69,77416,48,21
50183,158,338740,103,55
99525,141,345544,93,48
95043,84,427696,58,26
13164,138,25000,90,48
59759,73,680704,51,22
46058,132,69088,87,45
12538,63,23812,44,19
22420,100,45520,67,33
42579,57,242512,41,16
74992,156,74992,102,54
74600,112,74600,75,37
835,134,9232,86,48
32215,46,217456,34,12
92935,89,627316,61,28
2414,71,8152,48,23
9506,52,14260,37,15
2106,81,9232,54,27
68105,161,344788,105,56
58409,104,665332,70,34
37680,36,37680,28,8
99097,159,423304,104,55
79732,107,79732,72,35
65132,205,225988,132,73
64281,192,521296,124,68
15763,146,70936,95,51
58704,42,58704,32,10
81435,244,11283280,156,88
63080,29,63080,24,5
21578,162,32368,105,57
1215,163,27700,104,59
86340,164,86340,107,57
48115,44,216520,33,11
89235,71,401560,50,21
63231,104,3646276,70,34
32981,129,98944,85,44
67195,68,340180,48,20
77807,76,1329424,53,23
37793,67,113380,47,20
45808,83,45808,57,26
22302,69,112912,48,21
5142,54,11572,38,16
13778,182,55888,117,65
38347,36,172564,28,8
54704,153,54704,100,53
94978,102,142468,69,33
47820,52,53800,38,14
28470,51,162160,37,14
3846,51,8656,36,15
23291,113,283336,75,38
30700,178,43720,115,63
44253,44,132760,33,11
98683,190,800260,123,67
3294,136,18772,88,48
57090,60,85636,43,17
16609,66,319300,46,20
66274,130,99412,86,44
16620,66,21040,46,20
78007,200,2134996,129,71
87909,71,263728,50,21
81654,89,206692,61,28
14780,208,250504,133,75
51041,83,218032,57,26
94831,128,2307040,85,43
56326,60,126736,43,17
21631,154,1052512,100,54
12179,63,54808,44,19
19936,136,19936,89,47
47259,83,538324,57,26
22785,69,68356,48,21
63723,148,362932,97,51
23028,131,41524,86,45
96545,53,289636,39,14
57854,78,1482784,54,24
67360,130,67360,86,44
72389,50,217168,37,13
78609,50,235828,37,13
76670,138,3315976,91,47
15112,84,15112,57,27
32313,253,1119472,161,92
24162,69,36244,48,21
67314,174,3934960,113,61
50375,65,340036,46,19
24015,69,243160,48,21
80309,68,240928,48,20
46390,132,445876,87,45
18162,97,314656,65,32
7491,163,33712,105,58
24503,157,165400,102,55
35758,124,120688,82,42
41112,57,41112,41,16
98274,66,147412,47,19
83246,151,280960,99,52
58646,104,131956,70,34
59056,73,59056,51,22
8999,184,129760,118,66
28907,72,208384,50,22
70193,205,210580,132,73
50478,65,170368,46,19
36902,230,250504,147,83
91272,84,91272,58,26
52022,65,296296,46,19
29093,134,95956,88,46
1243,70,9448,47,23
1832,37,1832,27,10
50722,57,76084,41,16
28512,51,28512,37,14
72783,143,736936,94,49
97004,71,122776,50,21
18303,92,625480,62,30
55569,47,166708,35,12
3233,167,1276936,107,60
51508,78,51508,54,24
76509,200,1276936,129,71
10684,47,30436,34,13
23665,25,70996,21,4
33173,41,99520,31,10
83642,58,125464,42,16
64341,73,193024,51,22
87237,71,261712,50,21
11018,161,16528,104,57
36614,155,82384,101,54
86131,76,387592,53,23
76921,169,438100,110,59
30349,72,91048,50,22
16449,115,49348,76,39
9492,78,9492,53,25
78649,169,265444,110,59
96558,45,325888,34,11
58760,166,58760,108,58
44554,132,66832,87,45
969,49,4912,34,15
369,19,1108,15,4
73961,117,561652,78,39
35011,80,157552,55,25
54155,65,520504,46,19
35852,49,40336,36,13
25497,82,86056,56,26
30937,85,104416,58,27
78859,63,354868,45,18
67006,68,508840,48,20
37494,155,94912,101,54
69796,112,198772,75,37
36391,142,276352,93,49
10293,29,30880,23,6
92378,177,374596,115,62
28366,152,817936,99,53
17208,110,176740,73,37
22913,82,69712,56,26
80772,169,172528,110,59
56573,60,322216,43,17
99084,97,111472,66,31
19277,123,57832,81,42
97460,40,97460,31,9
5535,129,359152,84,45
92006,58,207016,42,16
35671,98,240784,66,32
62148,117,95956,78,39
98100,159,98100,104,55
36487,67,246292,47,20
65558,55,147508,40,15
34269,129,102808,85,44
81336,89,81336,61,28
26337,64,427192,45,19
3642,43,5464,31,12
87133,71,261400,50,21
32960,129,32960,85,44
13307,76,75796,52,24
46183,137,6398980,90,47
74124,112,83392,75,37
56327,109,380212,73,36
96896,115,96896,77,38
21499,100,122452,67,33
70199,81,899584,56,25
27198,121,206548,80,41
20720,43,20720,32,11
90202,89,135304,61,28
25033,64,126736,45,19
59625,117,452788,78,39
78178,107,117268,72,35
41965,88,201688,60,28
30029,165,144340,107,58
54647,109,599056,73,36
81188,138,102760,91,47
8537,171,28816,110,61
56748,104,63844,70,34
45713,176,137140,114,62
6274,36,9412,27,9
71821,50,215464,37,13
91229,58,273688,42,16
74354,94,268000,64,30
94492,84,159460,58,26
92092,115,442564,77,38
85915,89,978640,61,28
50831,57,514672,41,16
17128,27,17128,22,5
83489,58,250468,42,16
11540,50,11540,36,14
46762,101,70144,68,33
46220,145,52000,95,50
14693,164,44080,106,58
83657,58,423520,42,16
13335,182,250504,117,65
28616,77,28616,53,24
7904,52,7904,37,15
28528,51,28528,37,14
15630,133,52756,87,46
58009,122,195784,81,41
83277,89,675376,61,28
99319,97,670408,66,31
26709,139,80128,91,48
10861,99,223072,66,33
17439,154,3818500,100,54
67301,68,201904,48,20
71546,156,619648,102,54
20843,136,93796,89,47
60214,47,342952,35,12
42373,132,127120,87,45
98972,146,1605256,96,50
68907,174,310084,113,61
38745,168,130768,109,59
57443,153,258496,100,53
85991,195,979504,126,69
3651,43,16432,31,12
45118,269,9635920,171,98
91245,84,584656,58,26
52773,127,158320,84,43
3191,74,21544,50,24
48114,44,91348,33,11
8790,127,19780,83,44
32126,235,365956,150,85
98696,115,98696,77,38
17460,48,17460,35,13
35419,124,302596,82,42
47086,127,158920,84,43
18769,84,202984,57,27
49962,65,74944,46,19
81100,37,91240,29,8
27886,59,94120,42,17
87422,133,1616920,88,45
61083,117,2115880,78,39
6896,44,6896,32,12
50312,65,50312,46,19
89495,115,604096,77,38
67068,161,572992,105,56
71018,99,106528,67,32
23933,51,90880,37,14
21361,149,64084,97,52
54848,34,54848,27,7
90366,115,1544020,77,38
85469,102,256408,69,33
38932,49,38932,36,13
55824,91,55824,62,29
38033,199,114100,128,71
81427,195,366424,126,69
18808,61,23812,43,18
11768,174,190996,112,62
8072,114,9232,75,39
53414,70,152116,49,21
26150,108,59668,72,36
15541,40,46624,30,10
70249,104,533464,70,34
91738,71,137608,50,21
85436,50,243304,37,13
19788,123,42280,81,42
20983,87,201688,59,28
22607,87,228904,59,28
10151,148,250504,96,52
85930,102,128896,69,33
46937,83,158416,57,26
93287,115,4034608,77,38
8594,26,21760,21,5
17359,172,400948,111,61
82144,151,82144,99,52
37382,186,575728,120,66
90348,115,114352,77,38
28075,90,455380,61,29
20596,149,20596,97,52
44195,70,198880,49,21
49378,39,74068,30,9
26854,139,60424,91,48
73720,156,1276936,102,54
20662,167,8153620,108,59
50494,109,647080,73,36
36496,155,36496,101,54
13704,32,13704,25,7
53081,78,179152,54,24
30816,54,30816,39,15
29566,95,959092,64,31
63322,104,94984,70,34
58454,47,131524,35,12
88479,164,1511764,107,57
33162,41,49744,31,10
55992,135,345544,89,46
9717,47,29152,34,13
33350,160,75040,104,56
47099,176,452680,114,62
133,28,400,20,8
51991,127,350944,84,43
68922,81,103384,56,25
36539,80,184984,55,25
99280,159,99280,104,55
7214,44,24352,32,12
44224,132,44224,87,45
91656,32,91656,26,6
68372,68,68372,48,20
68275,174,307240,113,61
4135,95,31408,63,32
91429,177,274288,115,62
39602,137,66832,90,47
73890,112,110836,75,37
15691,53,70612,38,15
1910,29,4840,22,7
91240,32,91240,26,6
80033,120,341872,80,40
12063,143,183220,93,50
75387,63,381652,45,18
93238,58,796552,42,16
34732,111,281716,74,37
5154,28,7732,22,6
10482,86,85048,58,28
99271,97,670084,66,31
66426,130,359152,86,44
63601,99,190804,67,32
84982,102,242008,69,33
71998,94,2335444,64,30
28206,59,95200,42,17
88888,58,427192,42,16
81543,89,550420,61,28
44150,119,111760,79,40
49113,52,165760,38,14
10941,161,32824,104,57
59011,135,265552,89,46
76795,81,437380,56,25
24486,175,8153620,113,62
89300,133,89300,88,45
1068,23,1204,18,5
20608,105,20608,70,35
61598,148,311848,97,51
74555,94,377440,64,30
48522,26,72784,22,4
15188,40,15188,30,10
3986,51,10096,36,15
43053,75,129160,52,23
19564,180,225988,116,64
47323,83,383776,57,26
61246,166,523240,108,58
51515,171,260800,111,60
18609,92,55828,62,30
67263,112,1532356,75,37
92119,133,621808,88,45
71328,50,71328,37,13
57226,78,85840,54,24
73995,156,332980,102,54
17222,79,39364,54,25
48507,70,245572,49,21
20969,87,179152,59,28
82607,120,836404,80,40
27938,108,41908,72,36
62436,148,62436,97,51
49509,65,148528,46,19
41832,181,190996,117,64
42934,49,163024,36,13
47308,83,95956,57,26
48341,70,145024,49,21
86339,195,388528,126,69
43602,150,248344,98,52
75957,156,227872,102,54
72179,94,324808,64,30
85312,120,85312,80,40
28755,152,163780,99,53
43311,163,438532,106,57
69894,143,157264,94,49
86800,164,86800,107,57
48368,96,48368,65,31
13202,76,33424,52,24
2740,128,9232,83,45
13232,45,13232,33,12
42496,119,42496,79,40
21169,149,63508,97,52
32625,67,97876,47,20
10636,55,11968,39,16
9965,104,45520,69,35
27786,108,41680,72,36
95047,84,1370248,58,26
82798,63,279448,45,18
84791,89,572344,61,28
76929,169,230788,110,59
12337,112,37012,74,38
77476,76,330964,53,23
27413,33,82240,26,7
82213,76,246640,53,23
75380,63,80512,45,18
45592,70,45592,49,21
61751,86,416824,59,27
90649,89,305944,61,28
96135,71,648916,50,21
35455,80,1363048,55,25
98538,159,147808,104,55
62673,60,188020,43,17
27229,64,81688,45,19
14430,71,73060,49,22
84295,81,2430484,56,25
67809,205,1955176,132,73
82887,213,9198520,137,76
53016,96,53016,65,31
88075,102,396340,69,33
68937,174,398032,113,61
80908,138,91024,91,47
57379,78,258208,54,24
37311,186,1434400,120,66
83684,58,83684,42,16
68828,174,116152,113,61
35257,142,118996,93,49
76429,107,229288,72,35
99863,115,674080,77,38
38890,168,58336,109,59
51429,171,154288,111,60
37208,36,37208,28,8
50256,127,50256,84,43
91532,84,102976,58,26
5410,41,8116,30,11
42439,150,286468,98,52
95360,97,95360,66,31
7870,101,59776,67,34
56863,290,3155092,184,106
87938,164,131908,107,57
25959,108,665332,72,36
76303,55,772576,40,15
19769,123,190024,81,42
96331,45,433492,34,11
26146,139,39220,91,48
75623,187,4905988,121,66
26443,139,118996,91,48
81949,182,245848,118,64
25597,170,328048,110,60
75792,63,75792,45,18
42407,132,515860,87,45
40525,75,121576,52,23
23333,82,70000,56,26
15765,27,47296,22,5
27564,152,39256,99,53
87676,195,5399296,126,69
36371,80,196648,55,25
5063,134,34180,87,47
44646,44,100456,33,11
7245,70,21736,48,22
6373,124,19120,81,43
85502,182,2465296,118,64
64472,55,64472,40,15
16957,84,50872,57,27
40474,75,60712,52,23
13895,138,93796,90,48
98919,97,1690144,66,31
69587,130,445876,86,44
16710,128,37600,84,44
81259,63,365668,45,18
15211,71,68452,49,22
49511,70,1268944,49,21
38675,168,278800,109,59
17734,141,39904,92,49
20081,136,60244,89,47
53413,70,160240,49,21
58972,47,99520,35,12
39710,137,201040,90,47
59847,117,485332,78,39
65481,73,796552,51,22
52961,122,452464,81,41
41153,88,123460,60,28
27251,90,122632,61,29
85766,102,192976,69,33
48138,189,72208,122,67
82012,151,138400,99,52
46413,83,223072,57,26
43877,44,131632,33,11
94548,27,94548,23,4
73665,125,220996,83,42
50228,39,50228,30,9
32451,160,146032,104,56
